
rho0
PauliVec
0.70710678 -0.0010002501 -0.0032889365 0.7045664

E0
PauliVec
0.70220985 -0.0056132978 -0.0066476302 -0.6985007

Gi
PauliMx
      1.00000000               0               0               0
      0.00000152      0.99993522     -0.00004416     -0.00000580
      0.00000203      0.00004065      0.99988512      0.00002344
     -0.00000897     -0.00001442     -0.00007565      0.99990240


Gx
PauliMx
      1.00000000               0               0               0
      0.00000149      0.99994240      0.00007558     -0.00000605
      0.00000332      0.00001275      0.00003877     -0.99990520
      0.00000073      0.00007107      0.99990224      0.00006659


Gy
PauliMx
      1.00000000               0               0               0
     -0.00000058      0.00001355      0.00001541      0.99987256
     -0.00000773     -0.00004224      0.99996842      0.00001068
      0.00000129     -0.99987221      0.00004877     -0.00006614


IDENTITYVEC 1.4142136 0 0 0
SPAMLABEL minus = rho0 remainder
SPAMLABEL plus = rho0 E0
BASIS gm 2
# BOOTSTRAP TAG: Seed =  84  Chi2 =  4650.31857239
