
rho0
PauliVec
0.70710678 -0.0012105002 -0.0078109274 0.69425232

E0
PauliVec
0.70146208 0.0015041057 0.0019529233 -0.70852712

Gi
PauliMx
      1.00000000               0               0               0
     -0.00000343      0.99993995     -0.00008619      0.00001334
      0.00000832      0.00001545      0.99988849      0.00001685
      0.00000456     -0.00004106     -0.00008301      0.99990505


Gx
PauliMx
      1.00000000               0               0               0
     -0.00000196      0.99994242      0.00009254     -0.00001190
      0.00000647      0.00005971      0.00005098     -0.99991205
     -0.00000176      0.00004121      0.99991549      0.00009010


Gy
PauliMx
      1.00000000               0               0               0
     -0.00000212      0.00005351      0.00001874      0.99986860
      0.00000016     -0.00001422      0.99996286     -0.00003264
      0.00000553     -0.99987208      0.00006062     -0.00005055


IDENTITYVEC 1.4142136 0 0 0
SPAMLABEL minus = rho0 remainder
SPAMLABEL plus = rho0 E0
BASIS gm 2
# BOOTSTRAP TAG: Seed =  92  Chi2 =  4620.95125117
