
rho0
PauliVec
0.70710678 0.001501488 -0.006053082 0.70232266

E0
PauliVec
0.70230401 -0.005075651 -0.00045625433 -0.70087446

Gi
PauliMx
      1.00000000               0               0               0
      0.00000324      0.99993489     -0.00005887     -0.00000357
      0.00001265      0.00003830      0.99989915      0.00002085
      0.00000510     -0.00002123     -0.00008318      0.99989776


Gx
PauliMx
      1.00000000               0               0               0
      0.00000215      0.99995090      0.00006596     -0.00000739
      0.00000418      0.00001019      0.00000908     -0.99988578
     -0.00000027      0.00006673      0.99988398      0.00004053


Gy
PauliMx
      1.00000000               0               0               0
     -0.00000158      0.00000649      0.00001204      0.99988424
     -0.00000996     -0.00004623      0.99997179      0.00000932
      0.00000096     -0.99988409      0.00004553     -0.00006660


IDENTITYVEC 1.4142136 0 0 0
SPAMLABEL minus = rho0 remainder
SPAMLABEL plus = rho0 E0
BASIS gm 2
# BOOTSTRAP TAG: Seed =  15  Chi2 =  4642.8156578
