
rho0
PauliVec
0.70710678 0.0076945436 -0.0092983643 0.69215161

E0
PauliVec
0.70228968 -0.002827612 -0.002532235 -0.71139251

Gi
PauliMx
      1.00000000               0               0               0
     -0.00000282      0.99992720     -0.00006999      0.00002600
      0.00000781      0.00003287      0.99987843      0.00002116
      0.00000095     -0.00001839     -0.00006836      0.99990963


Gx
PauliMx
      1.00000000               0               0               0
     -0.00000594      0.99995558      0.00005911      0.00000044
      0.00000302      0.00001896      0.00007657     -0.99989800
     -0.00000086      0.00004709      0.99990135      0.00006997


Gy
PauliMx
      1.00000000               0               0               0
     -0.00000540      0.00001709      0.00002997      0.99987271
      0.00000122     -0.00001033      0.99996958      0.00000998
      0.00000068     -0.99987694      0.00002526     -0.00004594


IDENTITYVEC 1.4142136 0 0 0
SPAMLABEL minus = rho0 remainder
SPAMLABEL plus = rho0 E0
BASIS gm 2
# BOOTSTRAP TAG: Seed =  8  Chi2 =  4639.76283538
