
rho0
PauliVec
0.70710678 0.0034108512 -0.0044418316 0.69773651

E0
PauliVec
0.70260254 0.0017927693 0.00035370536 -0.70489218

Gi
PauliMx
      1.00000000               0               0               0
     -0.00000674      0.99993184     -0.00008317     -0.00000719
      0.00000439      0.00002760      0.99989406     -0.00000238
      0.00000097     -0.00000653     -0.00002709      0.99990761


Gx
PauliMx
      1.00000000               0               0               0
      0.00000070      0.99994416      0.00003369     -0.00001155
      0.00000036      0.00001671      0.00007266     -0.99990956
     -0.00000304      0.00002885      0.99991042      0.00006565


Gy
PauliMx
      1.00000000               0               0               0
     -0.00000706     -0.00000586      0.00001337      0.99986497
      0.00000248     -0.00000495      0.99996061      0.00000734
      0.00000491     -0.99986626      0.00000738     -0.00005221


IDENTITYVEC 1.4142136 0 0 0
SPAMLABEL minus = rho0 remainder
SPAMLABEL plus = rho0 E0
BASIS gm 2
# BOOTSTRAP TAG: Seed =  39  Chi2 =  4590.08464384
