
rho0
PauliVec
0.70710678 0.0016986559 -0.0062055592 0.69437868

E0
PauliVec
0.70143215 -0.00021352881 0.0055097748 -0.70884244

Gi
PauliMx
      1.00000000               0               0               0
     -0.00000116      0.99994252     -0.00006890      0.00002480
      0.00001064      0.00001751      0.99988103      0.00000139
      0.00000211     -0.00000380     -0.00005692      0.99990188


Gx
PauliMx
      1.00000000               0               0               0
     -0.00000222      0.99994670      0.00005466      0.00000613
      0.00001079      0.00001453      0.00006616     -0.99989213
      0.00000640      0.00003461      0.99989373      0.00005857


Gy
PauliMx
      1.00000000               0               0               0
      0.00000171      0.00004193      0.00003481      0.99987393
     -0.00000741     -0.00000977      0.99996569      0.00001021
     -0.00000326     -0.99987729      0.00002373     -0.00000645


IDENTITYVEC 1.4142136 0 0 0
SPAMLABEL minus = rho0 remainder
SPAMLABEL plus = rho0 E0
BASIS gm 2
# BOOTSTRAP TAG: Seed =  11  Chi2 =  4508.46244918
