
rho0
PauliVec
0.70710678 0.0049679465 -0.0054611741 0.69258242

E0
PauliVec
0.70300006 -0.000828778 0.00085054301 -0.71193628

Gi
PauliMx
      1.00000000               0               0               0
     -0.00000248      0.99993642     -0.00003402      0.00001831
     -0.00000408      0.00002086      0.99988774      0.00001871
     -0.00001009     -0.00002326     -0.00004054      0.99989346


Gx
PauliMx
      1.00000000               0               0               0
      0.00000389      0.99995394      0.00004205     -0.00001103
      0.00000416      0.00001035      0.00003947     -0.99990091
      0.00000036      0.00004388      0.99990353      0.00006349


Gy
PauliMx
      1.00000000               0               0               0
     -0.00000718      0.00001591      0.00000222      0.99988008
     -0.00000139     -0.00003281      0.99996592      0.00000333
      0.00000181     -0.99988495      0.00002778     -0.00003839


IDENTITYVEC 1.4142136 0 0 0
SPAMLABEL minus = rho0 remainder
SPAMLABEL plus = rho0 E0
BASIS gm 2
# BOOTSTRAP TAG: Seed =  81  Chi2 =  4452.84316542
