
rho0
PauliVec
0.70710678 -0.004666347 0.002783374 -0.71109882

E0
PauliVec
0.70177604 0.00029834523 -0.0033202262 0.69259803

Gi
PauliMx
      1.00000000               0               0               0
     -0.00000774      0.99994582     -0.00005923      0.00000397
     -0.00000373      0.00006715      0.99990879      0.00003271
     -0.00000182     -0.00003430     -0.00004876      0.99990269


Gx
PauliMx
      1.00000000               0               0               0
      0.00000119      0.99994117      0.00005685     -0.00001432
      0.00025592      0.00004007      0.00004912     -0.99992179
      0.00024535      0.00004099      0.99990453      0.00006479


Gy
PauliMx
      1.00000000               0               0               0
     -0.00024877      0.00002187      0.00001451      0.99986564
     -0.00000079     -0.00001190      0.99996624     -0.00001059
      0.00024400     -0.99986671      0.00002879     -0.00004982


IDENTITYVEC 1.4142136 0 0 0
SPAMLABEL minus = rho0 remainder
SPAMLABEL plus = rho0 E0
BASIS gm 2
# BOOTSTRAP TAG: Seed =  1  Chi2 =  4619.77951909
