
rho0
PauliVec
0.70710678 0.0048818184 -0.005722301 0.69379244

E0
PauliVec
0.70285307 -0.00017190528 -0.0048944342 -0.71033135

Gi
PauliMx
      1.00000000               0               0               0
     -0.00000256      0.99992113     -0.00007643     -0.00002123
      0.00000071      0.00001743      0.99988798      0.00000854
     -0.00000806     -0.00002738     -0.00008038      0.99990182


Gx
PauliMx
      1.00000000               0               0               0
      0.00000181      0.99994260      0.00007042     -0.00000906
      0.00000165      0.00002567      0.00004909     -0.99991049
     -0.00000202      0.00005614      0.99991306      0.00005828


Gy
PauliMx
      1.00000000               0               0               0
     -0.00000838      0.00002713      0.00002289      0.99986932
     -0.00000593     -0.00002308      0.99996955      0.00000830
      0.00000356     -0.99987325      0.00003654     -0.00005425


IDENTITYVEC 1.4142136 0 0 0
SPAMLABEL minus = rho0 remainder
SPAMLABEL plus = rho0 E0
BASIS gm 2
# BOOTSTRAP TAG: Seed =  58  Chi2 =  4604.46000463
