
rho0
PauliVec
0.70710678 0.0052569778 -0.0113093 0.69700116

E0
PauliVec
0.70127695 -0.0024534677 0.0023127797 -0.7061843

Gi
PauliMx
      1.00000000               0               0               0
      0.00000848      0.99993541     -0.00006207      0.00001460
      0.00000074      0.00000220      0.99989825      0.00003848
      0.00000343     -0.00001881     -0.00006303      0.99990107


Gx
PauliMx
      1.00000000               0               0               0
      0.00000021      0.99994454      0.00004881      0.00000401
      0.00000455      0.00002030      0.00004771     -0.99989461
     -0.00000511      0.00003031      0.99989629      0.00003659


Gy
PauliMx
      1.00000000               0               0               0
     -0.00000724      0.00003452      0.00003073      0.99988739
      0.00000077     -0.00000351      0.99995790      0.00000652
      0.00000399     -0.99988859      0.00002058     -0.00001317


IDENTITYVEC 1.4142136 0 0 0
SPAMLABEL minus = rho0 remainder
SPAMLABEL plus = rho0 E0
BASIS gm 2
# BOOTSTRAP TAG: Seed =  93  Chi2 =  4728.59893342
