
rho0
PauliVec
0.70710678 0.0022126037 -0.0032929378 0.70050699

E0
PauliVec
0.70197274 0.0027738388 -0.00066071538 -0.70316574

Gi
PauliMx
      1.00000000               0               0               0
     -0.00000577      0.99992959     -0.00007385      0.00002039
      0.00000480      0.00002543      0.99989108      0.00004253
      0.00000688     -0.00004989     -0.00005406      0.99989612


Gx
PauliMx
      1.00000000               0               0               0
      0.00000248      0.99994217      0.00005776     -0.00001768
      0.00000597      0.00001788      0.00002223     -0.99990453
      0.00000359      0.00005750      0.99990446      0.00003234


Gy
PauliMx
      1.00000000               0               0               0
      0.00000034      0.00006589      0.00001383      0.99987784
      0.00000111     -0.00002693      0.99995864      0.00001228
     -0.00000156     -0.99987794      0.00002492     -0.00001042


IDENTITYVEC 1.4142136 0 0 0
SPAMLABEL minus = rho0 remainder
SPAMLABEL plus = rho0 E0
BASIS gm 2
# BOOTSTRAP TAG: Seed =  94  Chi2 =  4644.88105879
