
rho0
PauliVec
0.70710678 0.0056287879 -0.0088063332 0.69484199

E0
PauliVec
0.70160564 -0.00066934322 -0.0029577392 -0.70794982

Gi
PauliMx
      1.00000000               0               0               0
     -0.00000088      0.99993684     -0.00006921     -0.00000718
      0.00000623      0.00006011      0.99990686      0.00001369
     -0.00000498     -0.00002569     -0.00004496      0.99990324


Gx
PauliMx
      1.00000000               0               0               0
     -0.00000799      0.99994170      0.00004635     -0.00000305
      0.00000597      0.00000511      0.00006045     -0.99991086
     -0.00000054      0.00004787      0.99991347      0.00004454


Gy
PauliMx
      1.00000000               0               0               0
     -0.00000434      0.00001713      0.00002730      0.99987530
     -0.00000052     -0.00001756      0.99996271      0.00002533
      0.00000036     -0.99987726      0.00001503     -0.00003511


IDENTITYVEC 1.4142136 0 0 0
SPAMLABEL minus = rho0 remainder
SPAMLABEL plus = rho0 E0
BASIS gm 2
# BOOTSTRAP TAG: Seed =  10  Chi2 =  4716.93215162
