
rho0
PauliVec
0.70710678 0.0084371467 -0.011772491 0.69633362

E0
PauliVec
0.70214004 0.00065387863 0.00018609421 -0.70663349

Gi
PauliMx
      1.00000000               0               0               0
     -0.00000008      0.99994126     -0.00004381      0.00001397
      0.00000208      0.00004371      0.99990726      0.00004918
     -0.00000074     -0.00003150     -0.00005864      0.99990141


Gx
PauliMx
      1.00000000               0               0               0
     -0.00000053      0.99994567      0.00004474      0.00001073
      0.00000893      0.00000415      0.00007249     -0.99990262
      0.00000024      0.00003433      0.99990375      0.00003659


Gy
PauliMx
      1.00000000               0               0               0
     -0.00000247      0.00002966      0.00004553      0.99987054
     -0.00000257     -0.00000103      0.99996053      0.00002642
     -0.00000399     -0.99987341      0.00000946     -0.00000892


IDENTITYVEC 1.4142136 0 0 0
SPAMLABEL minus = rho0 remainder
SPAMLABEL plus = rho0 E0
BASIS gm 2
# BOOTSTRAP TAG: Seed =  24  Chi2 =  4676.87839838
