
rho0
PauliVec
0.70710678 0.0054710389 -0.0041253062 0.70297896

E0
PauliVec
0.7013692 -0.00077614965 -0.0024546883 -0.69981589

Gi
PauliMx
      1.00000000               0               0               0
      0.00000647      0.99992827     -0.00005619     -0.00000260
      0.00000620      0.00001461      0.99988965      0.00005961
      0.00000378     -0.00002350     -0.00004186      0.99989293


Gx
PauliMx
      1.00000000               0               0               0
      0.00000080      0.99995233      0.00005475     -0.00001602
      0.00000170      0.00001969      0.00004389     -0.99990324
     -0.00000136      0.00005476      0.99990188      0.00005432


Gy
PauliMx
      1.00000000               0               0               0
     -0.00000494      0.00002816      0.00001125      0.99987965
     -0.00000398     -0.00002379      0.99996448      0.00000902
      0.00000105     -0.99987904      0.00002447     -0.00004522


IDENTITYVEC 1.4142136 0 0 0
SPAMLABEL minus = rho0 remainder
SPAMLABEL plus = rho0 E0
BASIS gm 2
# BOOTSTRAP TAG: Seed =  57  Chi2 =  4709.99312946
