
rho0
PauliVec
0.70710678 0.003906659 -0.0087612566 0.70547386

E0
PauliVec
0.70175906 -0.0011761467 0.0029551304 -0.69715614

Gi
PauliMx
      1.00000000               0               0               0
     -0.00000098      0.99994054     -0.00006913      0.00002686
      0.00001053      0.00003046      0.99988420      0.00002122
     -0.00000052     -0.00002583     -0.00004780      0.99992166


Gx
PauliMx
      1.00000000               0               0               0
      0.00000229      0.99994026      0.00007064     -0.00000745
      0.00000731      0.00002603      0.00003038     -0.99991383
      0.00000106      0.00005489      0.99991083      0.00005208


Gy
PauliMx
      1.00000000               0               0               0
      0.00000050      0.00002592      0.00002120      0.99987584
     -0.00000813     -0.00002849      0.99995720     -0.00000061
     -0.00000317     -0.99987431      0.00004170     -0.00005558


IDENTITYVEC 1.4142136 0 0 0
SPAMLABEL minus = rho0 remainder
SPAMLABEL plus = rho0 E0
BASIS gm 2
# BOOTSTRAP TAG: Seed =  80  Chi2 =  4671.41045732
