
rho0
PauliVec
0.70710678 0.0043825154 -0.0049971243 0.69303373

E0
PauliVec
0.70255312 -0.0015001519 0.00095487246 -0.71046646

Gi
PauliMx
      1.00000000               0               0               0
     -0.00000242      0.99992655     -0.00006211     -0.00002035
      0.00001327      0.00004024      0.99989752      0.00001138
     -0.00000538     -0.00001123     -0.00005897      0.99987527


Gx
PauliMx
      1.00000000               0               0               0
      0.00000292      0.99994227      0.00005438     -0.00001512
      0.00000667      0.00002493      0.00006043     -0.99990169
      0.00000279      0.00004772      0.99990572      0.00007749


Gy
PauliMx
      1.00000000               0               0               0
     -0.00000408      0.00000932      0.00001023      0.99987454
     -0.00000653     -0.00002302      0.99996005      0.00000050
      0.00000081     -0.99987919      0.00002806     -0.00006148


IDENTITYVEC 1.4142136 0 0 0
SPAMLABEL minus = rho0 remainder
SPAMLABEL plus = rho0 E0
BASIS gm 2
# BOOTSTRAP TAG: Seed =  67  Chi2 =  4534.14414395
