
rho0
PauliVec
0.70710678 0.0020154146 -0.0037062764 0.70105539

E0
PauliVec
0.70200855 -0.0012563979 -0.0028895254 -0.70236747

Gi
PauliMx
      1.00000000               0               0               0
      0.00000071      0.99993137     -0.00008660      0.00000410
     -0.00000038      0.00003731      0.99988713      0.00000841
     -0.00000666     -0.00003983     -0.00006624      0.99989536


Gx
PauliMx
      1.00000000               0               0               0
     -0.00000314      0.99994653      0.00005982     -0.00001358
      0.00000310      0.00002475      0.00004512     -0.99991307
      0.00000047      0.00005026      0.99991240      0.00007942


Gy
PauliMx
      1.00000000               0               0               0
     -0.00000251      0.00001266      0.00000361      0.99986776
     -0.00000933     -0.00003198      0.99995860     -0.00000659
      0.00000117     -0.99986784      0.00004123     -0.00006097


IDENTITYVEC 1.4142136 0 0 0
SPAMLABEL minus = rho0 remainder
SPAMLABEL plus = rho0 E0
BASIS gm 2
# BOOTSTRAP TAG: Seed =  72  Chi2 =  4432.83264833
