
rho0
PauliVec
0.70710678 0.0020257654 -0.0048642547 0.69929592

E0
PauliVec
0.70150635 0.0004705061 -0.0019031631 -0.70258374

Gi
PauliMx
      1.00000000               0               0               0
     -0.00000255      0.99992822     -0.00006152      0.00000134
      0.00000863      0.00002371      0.99989481      0.00001797
     -0.00000438     -0.00002629     -0.00005585      0.99990369


Gx
PauliMx
      1.00000000               0               0               0
     -0.00000218      0.99995483      0.00005187     -0.00002154
      0.00000839      0.00001979      0.00007794     -0.99990418
      0.00000521      0.00005326      0.99990404      0.00008242


Gy
PauliMx
      1.00000000               0               0               0
      0.00000178      0.00000290      0.00001100      0.99987985
     -0.00001404     -0.00002143      0.99996758      0.00001192
     -0.00000294     -0.99988036      0.00001798     -0.00007045


IDENTITYVEC 1.4142136 0 0 0
SPAMLABEL minus = rho0 remainder
SPAMLABEL plus = rho0 E0
BASIS gm 2
# BOOTSTRAP TAG: Seed =  0  Chi2 =  4651.01702354
