
rho0
PauliVec
0.70710678 0.0048765306 -0.0041232287 0.69862324

E0
PauliVec
0.70187304 -0.0023140274 -0.0063219747 -0.70431045

Gi
PauliMx
      1.00000000               0               0               0
     -0.00000398      0.99993359     -0.00005707      0.00000955
      0.00000567      0.00004206      0.99989683      0.00001543
     -0.00000617     -0.00002478     -0.00006795      0.99989644


Gx
PauliMx
      1.00000000               0               0               0
     -0.00000343      0.99995343      0.00005997      0.00000191
      0.00000569      0.00001507      0.00005244     -0.99990573
      0.00000237      0.00004728      0.99990633      0.00005333


Gy
PauliMx
      1.00000000               0               0               0
     -0.00000237      0.00000121      0.00002691      0.99987856
     -0.00000239     -0.00001880      0.99995827      0.00001345
     -0.00000136     -0.99987950      0.00003351     -0.00005911


IDENTITYVEC 1.4142136 0 0 0
SPAMLABEL minus = rho0 remainder
SPAMLABEL plus = rho0 E0
BASIS gm 2
# BOOTSTRAP TAG: Seed =  71  Chi2 =  4622.23027958
