
rho0
PauliVec
0.70710678 0.0073559024 -0.0088854427 0.69909626

E0
PauliVec
0.70200716 -0.0029720854 0.0021945572 -0.70304227

Gi
PauliMx
      1.00000000               0               0               0
     -0.00000450      0.99992913     -0.00004576      0.00000530
      0.00000187      0.00003734      0.99989058      0.00001486
      0.00000147      0.00000035     -0.00004157      0.99991832


Gx
PauliMx
      1.00000000               0               0               0
     -0.00000127      0.99994569      0.00005378      0.00002287
      0.00000838      0.00001575      0.00007010     -0.99989885
      0.00000251      0.00002332      0.99989913      0.00005982


Gy
PauliMx
      1.00000000               0               0               0
     -0.00000182     -0.00000733      0.00004139      0.99987680
      0.00000217     -0.00000296      0.99996139      0.00000536
     -0.00000411     -0.99987723      0.00003364     -0.00004375


IDENTITYVEC 1.4142136 0 0 0
SPAMLABEL minus = rho0 remainder
SPAMLABEL plus = rho0 E0
BASIS gm 2
# BOOTSTRAP TAG: Seed =  66  Chi2 =  4542.83145049
