
rho0
PauliVec
0.70710678 0.0036222398 -0.0021858554 0.6991163

E0
PauliVec
0.70185191 0.0034898799 0.0029729445 -0.70361808

Gi
PauliMx
      1.00000000               0               0               0
      0.00000685      0.99992291     -0.00008601     -0.00000314
      0.00000790      0.00001223      0.99988061      0.00003061
     -0.00000036     -0.00002793     -0.00005903      0.99989046


Gx
PauliMx
      1.00000000               0               0               0
     -0.00000131      0.99995100      0.00003440      0.00000309
      0.00000690      0.00001398      0.00004528     -0.99991104
      0.00000529      0.00001701      0.99991125      0.00004067


Gy
PauliMx
      1.00000000               0               0               0
      0.00000051      0.00001948      0.00002058      0.99988173
     -0.00000028     -0.00000055      0.99996661      0.00000176
     -0.00000302     -0.99988243      0.00001553     -0.00001343


IDENTITYVEC 1.4142136 0 0 0
SPAMLABEL minus = rho0 remainder
SPAMLABEL plus = rho0 E0
BASIS gm 2
# BOOTSTRAP TAG: Seed =  73  Chi2 =  4587.82044669
