
rho0
PauliVec
0.70710678 0.0076170763 -0.010394732 0.70328127

E0
PauliVec
0.70101258 -0.0030650703 0.0035494689 -0.70016899

Gi
PauliMx
      1.00000000               0               0               0
      0.00000097      0.99993753     -0.00007307      0.00000721
      0.00001105     -0.00000684      0.99989658      0.00002655
     -0.00000541     -0.00003063     -0.00004204      0.99990762


Gx
PauliMx
      1.00000000               0               0               0
     -0.00000477      0.99993912      0.00003739      0.00001015
      0.00001088     -0.00001080      0.00004119     -0.99991839
      0.00000366      0.00004449      0.99991420      0.00004095


Gy
PauliMx
      1.00000000               0               0               0
      0.00000144      0.00001070      0.00002288      0.99986454
     -0.00000469     -0.00003182      0.99996707      0.00002338
     -0.00000667     -0.99986538      0.00002314     -0.00002109


IDENTITYVEC 1.4142136 0 0 0
SPAMLABEL minus = rho0 remainder
SPAMLABEL plus = rho0 E0
BASIS gm 2
# BOOTSTRAP TAG: Seed =  34  Chi2 =  4428.81119966
