
rho0
PauliVec
0.70710678 0.0048149249 -0.0094309813 0.70087932

E0
PauliVec
0.70100948 0.0010928143 3.5699656e-05 -0.70169614

Gi
PauliMx
      1.00000000               0               0               0
      0.00000338      0.99992792     -0.00006175      0.00000910
      0.00000251      0.00001659      0.99989431      0.00002251
      0.00000136      0.00000018     -0.00006722      0.99990263


Gx
PauliMx
      1.00000000               0               0               0
     -0.00000055      0.99994236      0.00009516     -0.00000577
      0.00000713      0.00002973      0.00004283     -0.99989959
     -0.00000032      0.00007439      0.99989960      0.00007407


Gy
PauliMx
      1.00000000               0               0               0
     -0.00000246      0.00002582      0.00002780      0.99987763
     -0.00000315     -0.00004145      0.99996912      0.00000246
     -0.00000112     -0.99987867      0.00005949     -0.00007752


IDENTITYVEC 1.4142136 0 0 0
SPAMLABEL minus = rho0 remainder
SPAMLABEL plus = rho0 E0
BASIS gm 2
# BOOTSTRAP TAG: Seed =  17  Chi2 =  4559.28710611
