
rho0
PauliVec
0.70710678 0.004097528 -0.0094044694 0.70324525

E0
PauliVec
0.70131822 -0.0020471802 -0.0013002819 -0.69896776

Gi
PauliMx
      1.00000000               0               0               0
      0.00000337      0.99993158     -0.00007019      0.00002520
      0.00000788      0.00001372      0.99988482      0.00003093
      0.00000421     -0.00000377     -0.00006458      0.99990639


Gx
PauliMx
      1.00000000               0               0               0
      0.00000136      0.99993963      0.00006212      0.00000104
      0.00000458      0.00002297      0.00006871     -0.99989745
     -0.00000262      0.00004090      0.99989588      0.00006277


Gy
PauliMx
      1.00000000               0               0               0
     -0.00000355      0.00002466      0.00003300      0.99989320
     -0.00000766     -0.00001043      0.99996278      0.00000762
      0.00000096     -0.99989176      0.00002850     -0.00003750


IDENTITYVEC 1.4142136 0 0 0
SPAMLABEL minus = rho0 remainder
SPAMLABEL plus = rho0 E0
BASIS gm 2
# BOOTSTRAP TAG: Seed =  40  Chi2 =  4695.38080238
