
rho0
PauliVec
0.70710678 0.0045535617 -0.0052248848 0.70077184

E0
PauliVec
0.70248377 0.00059868827 -0.0026726558 -0.70220224

Gi
PauliMx
      1.00000000               0               0               0
      0.00000287      0.99994179     -0.00008830      0.00002002
      0.00001150      0.00001292      0.99989305      0.00001850
      0.00000120     -0.00004134     -0.00006720      0.99989631


Gx
PauliMx
      1.00000000               0               0               0
      0.00000608      0.99993647      0.00005836     -0.00002047
     -0.00000126      0.00001581      0.00003126     -0.99991770
     -0.00000514      0.00006512      0.99991708      0.00006417


Gy
PauliMx
      1.00000000               0               0               0
     -0.00000832      0.00002783      0.00000015      0.99988479
     -0.00000394     -0.00004373      0.99996475      0.00000557
      0.00000522     -0.99988484      0.00003631     -0.00005303


IDENTITYVEC 1.4142136 0 0 0
SPAMLABEL minus = rho0 remainder
SPAMLABEL plus = rho0 E0
BASIS gm 2
# BOOTSTRAP TAG: Seed =  77  Chi2 =  4502.9058643
