
rho0
PauliVec
0.70710678 0.0037362226 -0.014344662 0.70014611

E0
PauliVec
0.70219674 -0.0049222181 0.0032425713 -0.70316585

Gi
PauliMx
      1.00000000               0               0               0
     -0.00000096      0.99992382     -0.00007407      0.00001409
      0.00000701      0.00000750      0.99989037      0.00002930
      0.00000009     -0.00002969     -0.00005109      0.99990473


Gx
PauliMx
      1.00000000               0               0               0
     -0.00000125      0.99995452      0.00004131      0.00000625
      0.00000524      0.00000410      0.00005945     -0.99989831
     -0.00000478      0.00003516      0.99989784      0.00005280


Gy
PauliMx
      1.00000000               0               0               0
     -0.00000512     -0.00000828      0.00002681      0.99987836
     -0.00000087     -0.00001838      0.99996912      0.00001316
      0.00000215     -0.99987879      0.00001911     -0.00004450


IDENTITYVEC 1.4142136 0 0 0
SPAMLABEL minus = rho0 remainder
SPAMLABEL plus = rho0 E0
BASIS gm 2
# BOOTSTRAP TAG: Seed =  87  Chi2 =  4582.37085927
