
rho0
PauliVec
0.70710678 0.0033679288 -0.0072331531 0.70591266

E0
PauliVec
0.70135161 -0.001476899 -0.0012287764 -0.69750226

Gi
PauliMx
      1.00000000               0               0               0
      0.00000204      0.99993615     -0.00006687     -0.00000640
      0.00000723      0.00002257      0.99988432      0.00000998
     -0.00000301     -0.00001151     -0.00007848      0.99987971


Gx
PauliMx
      1.00000000               0               0               0
     -0.00000410      0.99995639      0.00006597     -0.00000362
      0.00000645      0.00001283      0.00004709     -0.99990339
      0.00000242      0.00005810      0.99989984      0.00006407


Gy
PauliMx
      1.00000000               0               0               0
      0.00000106      0.00002430      0.00002166      0.99988256
     -0.00000127     -0.00003447      0.99995766      0.00001046
     -0.00000362     -0.99988031      0.00003962     -0.00004494


IDENTITYVEC 1.4142136 0 0 0
SPAMLABEL minus = rho0 remainder
SPAMLABEL plus = rho0 E0
BASIS gm 2
# BOOTSTRAP TAG: Seed =  55  Chi2 =  4495.8222309
