
rho0
PauliVec
0.70710678 -0.001018954 -0.010009383 0.70047588

E0
PauliVec
0.70216704 0.0011880686 0.0038340965 -0.70317174

Gi
PauliMx
      1.00000000               0               0               0
      0.00000016      0.99992747     -0.00006305     -0.00000235
      0.00000917      0.00003014      0.99988048      0.00002450
     -0.00000763     -0.00004074     -0.00004138      0.99989912


Gx
PauliMx
      1.00000000               0               0               0
     -0.00000343      0.99995253      0.00003950     -0.00002498
      0.00000918      0.00001801      0.00004631     -0.99990696
      0.00000214      0.00004419      0.99990707      0.00004394


Gy
PauliMx
      1.00000000               0               0               0
      0.00000211      0.00001604      0.00000894      0.99986851
     -0.00000005     -0.00001579      0.99996206      0.00001051
     -0.00000137     -0.99986958      0.00000431     -0.00004685


IDENTITYVEC 1.4142136 0 0 0
SPAMLABEL minus = rho0 remainder
SPAMLABEL plus = rho0 E0
BASIS gm 2
# BOOTSTRAP TAG: Seed =  60  Chi2 =  4542.70365962
