
rho0
PauliVec
0.70710678 0.0022960627 -0.0080810482 0.70052712

E0
PauliVec
0.70105308 -0.0021786529 0.0015516176 -0.70135294

Gi
PauliMx
      1.00000000               0               0               0
     -0.00000162      0.99993587     -0.00006219      0.00001585
      0.00000695      0.00002331      0.99988853      0.00002520
     -0.00000909     -0.00002166     -0.00006576      0.99990449


Gx
PauliMx
      1.00000000               0               0               0
     -0.00000425      0.99994737      0.00005573     -0.00001092
      0.00000287      0.00002873      0.00006362     -0.99990698
     -0.00000295      0.00003808      0.99990606      0.00007443


Gy
PauliMx
      1.00000000               0               0               0
     -0.00000500     -0.00000753      0.00001643      0.99987923
     -0.00000737     -0.00001366      0.99996188     -0.00000465
      0.00000340     -0.99987914      0.00002697     -0.00007365


IDENTITYVEC 1.4142136 0 0 0
SPAMLABEL minus = rho0 remainder
SPAMLABEL plus = rho0 E0
BASIS gm 2
# BOOTSTRAP TAG: Seed =  88  Chi2 =  4638.64717828
