
rho0
PauliVec
0.70710678 0.0020991309 -0.0036553564 0.7044251

E0
PauliVec
0.701676 0.00037110526 0.0014256205 -0.69848711

Gi
PauliMx
      1.00000000               0               0               0
      0.00000516      0.99993693     -0.00007016      0.00000353
      0.00000586      0.00002327      0.99989924      0.00000038
      0.00000423     -0.00001778     -0.00006383      0.99990037


Gx
PauliMx
      1.00000000               0               0               0
      0.00000492      0.99994879      0.00003317      0.00001337
      0.00000054     -0.00002005      0.00006905     -0.99989558
     -0.00000200      0.00004072      0.99989350      0.00004153


Gy
PauliMx
      1.00000000               0               0               0
     -0.00000390     -0.00001807      0.00003637      0.99988031
     -0.00000337     -0.00001848      0.99996622      0.00004183
      0.00000251     -0.99987802      0.00000915     -0.00003829


IDENTITYVEC 1.4142136 0 0 0
SPAMLABEL minus = rho0 remainder
SPAMLABEL plus = rho0 E0
BASIS gm 2
# BOOTSTRAP TAG: Seed =  63  Chi2 =  4612.30989155
