
rho0
PauliVec
0.70710678 -0.0038138713 -0.0063851062 0.69840612

E0
PauliVec
0.70257849 -0.0030885868 -0.0062975174 -0.70499529

Gi
PauliMx
      1.00000000               0               0               0
      0.00000487      0.99994641     -0.00006185      0.00000247
      0.00001114      0.00002873      0.99988246      0.00000410
     -0.00000049     -0.00003048     -0.00008194      0.99989082


Gx
PauliMx
      1.00000000               0               0               0
      0.00000118      0.99994384      0.00007353     -0.00001182
      0.00000859      0.00001826      0.00003856     -0.99989261
      0.00000397      0.00006590      0.99989329      0.00007567


Gy
PauliMx
      1.00000000               0               0               0
      0.00000318      0.00001967      0.00000897      0.99988838
     -0.00000940     -0.00004536      0.99995689      0.00000195
     -0.00000055     -0.99988994      0.00005206     -0.00006176


IDENTITYVEC 1.4142136 0 0 0
SPAMLABEL minus = rho0 remainder
SPAMLABEL plus = rho0 E0
BASIS gm 2
# BOOTSTRAP TAG: Seed =  32  Chi2 =  4585.13245489
