
rho0
PauliVec
0.70710678 0.00051351835 -0.007021127 0.70123769

E0
PauliVec
0.7018727 0.00095820209 0.0005592026 -0.70136644

Gi
PauliMx
      1.00000000               0               0               0
     -0.00000571      0.99992765     -0.00002867      0.00000886
      0.00000429      0.00002048      0.99988297      0.00002040
     -0.00000076     -0.00001787     -0.00005323      0.99989581


Gx
PauliMx
      1.00000000               0               0               0
     -0.00000165      0.99994563      0.00006375     -0.00001673
      0.00000631      0.00002884      0.00005399     -0.99989764
      0.00000138      0.00005018      0.99989687      0.00006202


Gy
PauliMx
      1.00000000               0               0               0
      0.00000003      0.00002304      0.00001842      0.99987718
     -0.00000299     -0.00001816      0.99996451      0.00000338
     -0.00000042     -0.99987661      0.00002706     -0.00005626


IDENTITYVEC 1.4142136 0 0 0
SPAMLABEL minus = rho0 remainder
SPAMLABEL plus = rho0 E0
BASIS gm 2
# BOOTSTRAP TAG: Seed =  74  Chi2 =  4695.24282781
