
rho0
PauliVec
0.70710678 0.001599417 -0.0092551573 0.69938146

E0
PauliVec
0.70142032 -0.0053107642 0.00028895662 -0.70396799

Gi
PauliMx
      1.00000000               0               0               0
      0.00000487      0.99992590     -0.00005505      0.00001912
      0.00001287      0.00002962      0.99988333      0.00001488
      0.00000347     -0.00004191     -0.00005202      0.99990762


Gx
PauliMx
      1.00000000               0               0               0
      0.00000006      0.99993724      0.00006199     -0.00000767
      0.00000047      0.00000894      0.00002904     -0.99990069
     -0.00000635      0.00006402      0.99990072      0.00003551


Gy
PauliMx
      1.00000000               0               0               0
     -0.00000816      0.00002529      0.00002272      0.99988025
     -0.00000008     -0.00003505      0.99996163      0.00001986
      0.00000675     -0.99988010      0.00003067     -0.00004600


IDENTITYVEC 1.4142136 0 0 0
SPAMLABEL minus = rho0 remainder
SPAMLABEL plus = rho0 E0
BASIS gm 2
# BOOTSTRAP TAG: Seed =  7  Chi2 =  4669.70286472
