
rho0
PauliVec
0.70710678 6.7573828e-05 -0.0022180301 0.704129

E0
PauliVec
0.70142101 0.007851238 0.0013320994 -0.69949885

Gi
PauliMx
      1.00000000               0               0               0
      0.00000436      0.99993473     -0.00007729      0.00001612
     -0.00000466      0.00002201      0.99987130      0.00001037
      0.00000345     -0.00004421     -0.00004281      0.99990055


Gx
PauliMx
      1.00000000               0               0               0
      0.00000131      0.99993976      0.00006309     -0.00000866
     -0.00000107      0.00002959      0.00005952     -0.99991575
     -0.00000204      0.00003611      0.99991435      0.00007518


Gy
PauliMx
      1.00000000               0               0               0
     -0.00000418      0.00003727      0.00001859      0.99987609
      0.00000009     -0.00001387      0.99996872     -0.00000472
      0.00000495     -0.99987391      0.00003461     -0.00003342


IDENTITYVEC 1.4142136 0 0 0
SPAMLABEL minus = rho0 remainder
SPAMLABEL plus = rho0 E0
BASIS gm 2
# BOOTSTRAP TAG: Seed =  44  Chi2 =  4517.99102331
