
rho0
PauliVec
0.70710678 0.00039110159 -0.0073080654 0.69503612

E0
PauliVec
0.70128247 -0.0060695886 -0.0013381602 -0.70939849

Gi
PauliMx
      1.00000000               0               0               0
      0.00000112      0.99993120     -0.00005953      0.00001646
      0.00000520      0.00003866      0.99989418      0.00002574
      0.00000259     -0.00001181     -0.00008199      0.99989255


Gx
PauliMx
      1.00000000               0               0               0
      0.00000484      0.99994645      0.00006287      0.00000106
      0.00000500      0.00002550      0.00007247     -0.99989924
      0.00000042      0.00003974      0.99990059      0.00006889


Gy
PauliMx
      1.00000000               0               0               0
     -0.00000307      0.00003406      0.00003128      0.99987135
      0.00000130     -0.00000824      0.99996136      0.00000531
      0.00000317     -0.99987548      0.00003018     -0.00002662


IDENTITYVEC 1.4142136 0 0 0
SPAMLABEL minus = rho0 remainder
SPAMLABEL plus = rho0 E0
BASIS gm 2
# BOOTSTRAP TAG: Seed =  22  Chi2 =  4655.72713947
