
rho0
PauliVec
0.70710678 0.0041377133 -0.0026220818 0.70080356

E0
PauliVec
0.70173585 -0.0022008508 -0.0016450309 -0.70186143

Gi
PauliMx
      1.00000000               0               0               0
      0.00000720      0.99992869     -0.00005960      0.00001509
      0.00000546      0.00003423      0.99988365      0.00003142
      0.00000025     -0.00003620     -0.00001540      0.99989610


Gx
PauliMx
      1.00000000               0               0               0
     -0.00000378      0.99994787      0.00003324     -0.00002452
      0.00000375      0.00000666      0.00005868     -0.99991495
      0.00000202      0.00005597      0.99991435      0.00005460


Gy
PauliMx
      1.00000000               0               0               0
     -0.00000250      0.00002193      0.00000455      0.99988070
     -0.00000523     -0.00002442      0.99995999      0.00002479
     -0.00000063     -0.99988047      0.00000281     -0.00003803


IDENTITYVEC 1.4142136 0 0 0
SPAMLABEL minus = rho0 remainder
SPAMLABEL plus = rho0 E0
BASIS gm 2
# BOOTSTRAP TAG: Seed =  12  Chi2 =  4642.21344596
