
rho0
PauliVec
0.70710678 -0.00072916572 -0.00051176881 0.70091162

E0
PauliVec
0.70171015 -0.002851394 -0.0012873347 -0.70150607

Gi
PauliMx
      1.00000000               0               0               0
      0.00000490      0.99994578     -0.00004675      0.00000595
      0.00001026      0.00001841      0.99989865      0.00002377
      0.00000279     -0.00004980     -0.00005824      0.99991267


Gx
PauliMx
      1.00000000               0               0               0
     -0.00000449      0.99994809      0.00005876      0.00000923
      0.00000257      0.00001810      0.00004752     -0.99989535
      0.00000146      0.00003151      0.99989465      0.00003872


Gy
PauliMx
      1.00000000               0               0               0
     -0.00000110     -0.00000196      0.00003673      0.99989023
     -0.00000848     -0.00000317      0.99995775      0.00001041
      0.00000251     -0.99988975      0.00003041     -0.00005015


IDENTITYVEC 1.4142136 0 0 0
SPAMLABEL minus = rho0 remainder
SPAMLABEL plus = rho0 E0
BASIS gm 2
# BOOTSTRAP TAG: Seed =  89  Chi2 =  4832.52180006
