
rho0
PauliVec
0.70710678 0.0045534063 -0.007326704 0.70055577

E0
PauliVec
0.70191123 -0.0022009095 0.0023134792 -0.70200558

Gi
PauliMx
      1.00000000               0               0               0
     -0.00000114      0.99992768     -0.00007787      0.00001281
      0.00000882      0.00002278      0.99989443      0.00002654
      0.00000251     -0.00001769     -0.00003932      0.99989578


Gx
PauliMx
      1.00000000               0               0               0
     -0.00000719      0.99995626      0.00004463      0.00000325
      0.00000663      0.00001767      0.00005703     -0.99989845
      0.00000118      0.00002777      0.99989809      0.00004510


Gy
PauliMx
      1.00000000               0               0               0
     -0.00000146      0.00001211      0.00002935      0.99987848
     -0.00000404     -0.00000257      0.99996870      0.00000750
     -0.00000172     -0.99987876      0.00001725     -0.00003133


IDENTITYVEC 1.4142136 0 0 0
SPAMLABEL minus = rho0 remainder
SPAMLABEL plus = rho0 E0
BASIS gm 2
# BOOTSTRAP TAG: Seed =  30  Chi2 =  4620.55648268
