
rho0
PauliVec
0.70710678 -0.0053461279 -0.0066013636 0.69512182

E0
PauliVec
0.70143225 -0.003147918 -0.0015392568 -0.70768517

Gi
PauliMx
      1.00000000               0               0               0
      0.00000122      0.99992643     -0.00004885     -0.00000073
      0.00000754      0.00001036      0.99988395      0.00000679
      0.00000507     -0.00002659     -0.00006264      0.99988805


Gx
PauliMx
      1.00000000               0               0               0
      0.00000058      0.99995058      0.00007803     -0.00003169
      0.00000423      0.00002930      0.00005163     -0.99991746
     -0.00000027      0.00007753      0.99991882      0.00006734


Gy
PauliMx
      1.00000000               0               0               0
     -0.00000206      0.00002325      0.00001356      0.99986854
     -0.00000415     -0.00003483      0.99995570      0.00001344
      0.00000591     -0.99987214      0.00003151     -0.00008124


IDENTITYVEC 1.4142136 0 0 0
SPAMLABEL minus = rho0 remainder
SPAMLABEL plus = rho0 E0
BASIS gm 2
# BOOTSTRAP TAG: Seed =  13  Chi2 =  4675.79969967
