
rho0
PauliVec
0.70710678 0.00058562949 -0.0041929092 0.70516947

E0
PauliVec
0.70157024 -0.0046953879 -0.0050424673 -0.69854538

Gi
PauliMx
      1.00000000               0               0               0
     -0.00000066      0.99991086     -0.00004825      0.00000943
      0.00000955      0.00001995      0.99988812      0.00001746
      0.00000446     -0.00003399     -0.00005222      0.99991248


Gx
PauliMx
      1.00000000               0               0               0
      0.00000535      0.99995461      0.00003725     -0.00002060
      0.00000228      0.00000421      0.00003444     -0.99989699
     -0.00000062      0.00005689      0.99989351      0.00003886


Gy
PauliMx
      1.00000000               0               0               0
     -0.00000171     -0.00000893      0.00000297      0.99988197
     -0.00000859     -0.00003094      0.99996209      0.00002214
      0.00000126     -0.99988083      0.00001247     -0.00006608


IDENTITYVEC 1.4142136 0 0 0
SPAMLABEL minus = rho0 remainder
SPAMLABEL plus = rho0 E0
BASIS gm 2
# BOOTSTRAP TAG: Seed =  85  Chi2 =  4592.00947488
