
rho0
PauliVec
0.70710678 0.00064688226 -0.0070347845 0.70222961

E0
PauliVec
0.7024671 0.0033217147 -0.0033086437 -0.70180731

Gi
PauliMx
      1.00000000               0               0               0
      0.00000382      0.99994603     -0.00007007      0.00000646
      0.00000769      0.00002978      0.99990003      0.00002022
     -0.00000316     -0.00000339     -0.00005216      0.99989604


Gx
PauliMx
      1.00000000               0               0               0
      0.00000424      0.99995576      0.00006919     -0.00003106
      0.00000095      0.00003386      0.00002952     -0.99989768
     -0.00000422      0.00006423      0.99989658      0.00006622


Gy
PauliMx
      1.00000000               0               0               0
     -0.00000498      0.00002360     -0.00000174      0.99987126
     -0.00000375     -0.00003671      0.99996842     -0.00000633
      0.00000444     -0.99987111      0.00003854     -0.00007636


IDENTITYVEC 1.4142136 0 0 0
SPAMLABEL minus = rho0 remainder
SPAMLABEL plus = rho0 E0
BASIS gm 2
# BOOTSTRAP TAG: Seed =  61  Chi2 =  4499.2669584
