
rho0
PauliVec
0.70710678 0.0040834152 -0.0069429805 0.7019375

E0
PauliVec
0.70095323 -0.00091356159 0.0030729121 -0.70116689

Gi
PauliMx
      1.00000000               0               0               0
      0.00000801      0.99993118     -0.00006810      0.00000178
      0.00000466      0.00003563      0.99989928      0.00001184
     -0.00000303     -0.00003576     -0.00004047      0.99990305


Gx
PauliMx
      1.00000000               0               0               0
      0.00000110      0.99994120      0.00002340     -0.00001596
     -0.00000050     -0.00000155      0.00005639     -0.99991137
     -0.00000536      0.00004272      0.99991099      0.00004625


Gy
PauliMx
      1.00000000               0               0               0
     -0.00000827     -0.00001539      0.00000863      0.99987407
      0.00000263     -0.00002040      0.99996674      0.00002375
      0.00000497     -0.99987288     -0.00000257     -0.00005590


IDENTITYVEC 1.4142136 0 0 0
SPAMLABEL minus = rho0 remainder
SPAMLABEL plus = rho0 E0
BASIS gm 2
# BOOTSTRAP TAG: Seed =  83  Chi2 =  4523.23979085
