
rho0
PauliVec
0.70710678 0.0021087805 -0.00662312 0.70044872

E0
PauliVec
0.70271354 -0.0032618442 -0.00098429887 -0.70298105

Gi
PauliMx
      1.00000000               0               0               0
      0.00000522      0.99993073     -0.00005428     -0.00000823
      0.00000560      0.00003667      0.99990214      0.00001695
      0.00000043     -0.00003540     -0.00005704      0.99989384


Gx
PauliMx
      1.00000000               0               0               0
     -0.00000029      0.99993458      0.00007507     -0.00000108
      0.00000377      0.00002920      0.00006557     -0.99990671
     -0.00000104      0.00004966      0.99990648      0.00005627


Gy
PauliMx
      1.00000000               0               0               0
     -0.00000297      0.00004501      0.00003929      0.99988399
     -0.00000295     -0.00000923      0.99996705      0.00001123
      0.00000150     -0.99988441      0.00003309     -0.00003083


IDENTITYVEC 1.4142136 0 0 0
SPAMLABEL minus = rho0 remainder
SPAMLABEL plus = rho0 E0
BASIS gm 2
# BOOTSTRAP TAG: Seed =  98  Chi2 =  4573.24842416
