
rho0
PauliVec
0.70710678 0.0036551962 -0.0067520988 0.69423076

E0
PauliVec
0.70143139 0.00030823746 -0.0029281599 -0.70844207

Gi
PauliMx
      1.00000000               0               0               0
     -0.00000368      0.99993074     -0.00004808      0.00002361
      0.00000634      0.00003106      0.99989346      0.00002705
      0.00000548     -0.00002841     -0.00006317      0.99991711


Gx
PauliMx
      1.00000000               0               0               0
      0.00000132      0.99995339      0.00003802     -0.00000754
      0.00000617      0.00002475      0.00005228     -0.99989299
      0.00000129      0.00002255      0.99989558      0.00004283


Gy
PauliMx
      1.00000000               0               0               0
     -0.00000386      0.00001239      0.00001832      0.99987801
     -0.00000605      0.00000291      0.99996532      0.00000031
      0.00000135     -0.99988132      0.00001206     -0.00003472


IDENTITYVEC 1.4142136 0 0 0
SPAMLABEL minus = rho0 remainder
SPAMLABEL plus = rho0 E0
BASIS gm 2
# BOOTSTRAP TAG: Seed =  6  Chi2 =  4711.6767162
