
rho0
PauliVec
0.70710678 -0.0018117296 -0.0065861373 0.69697085

E0
PauliVec
0.70246196 -0.0010574482 0.0032673435 -0.70782101

Gi
PauliMx
      1.00000000               0               0               0
     -0.00000111      0.99993326     -0.00006404      0.00000082
      0.00001159      0.00005728      0.99988644      0.00003788
     -0.00000274     -0.00002782     -0.00004815      0.99989013


Gx
PauliMx
      1.00000000               0               0               0
      0.00000209      0.99995839      0.00004483      0.00000648
      0.00000327      0.00000649      0.00005537     -0.99989653
     -0.00000121      0.00003109      0.99989759      0.00004078


Gy
PauliMx
      1.00000000               0               0               0
     -0.00000347     -0.00000536      0.00003258      0.99986319
     -0.00000233     -0.00000804      0.99996607      0.00001652
      0.00000430     -0.99986575      0.00001732     -0.00004161


IDENTITYVEC 1.4142136 0 0 0
SPAMLABEL minus = rho0 remainder
SPAMLABEL plus = rho0 E0
BASIS gm 2
# BOOTSTRAP TAG: Seed =  19  Chi2 =  4503.78860391
