
rho0
PauliVec
0.70710678 0.0014863212 -0.0050466785 0.69815306

E0
PauliVec
0.70222133 0.0011325017 -0.0045867006 -0.70576467

Gi
PauliMx
      1.00000000               0               0               0
     -0.00000637      0.99993891     -0.00004577      0.00001192
      0.00000094      0.00002718      0.99988491      0.00001959
     -0.00000626     -0.00002853     -0.00004805      0.99989597


Gx
PauliMx
      1.00000000               0               0               0
     -0.00000841      0.99994401      0.00005773     -0.00000090
      0.00000743      0.00002311      0.00007061     -0.99990365
      0.00000361      0.00003479      0.99990485      0.00005977


Gy
PauliMx
      1.00000000               0               0               0
      0.00000043      0.00002396      0.00003079      0.99986946
      0.00000004     -0.00000299      0.99996056      0.00000953
     -0.00000139     -0.99987037      0.00002518     -0.00003431


IDENTITYVEC 1.4142136 0 0 0
SPAMLABEL minus = rho0 remainder
SPAMLABEL plus = rho0 E0
BASIS gm 2
# BOOTSTRAP TAG: Seed =  5  Chi2 =  4523.78526908
