
rho0
PauliVec
0.70710678 0.0043743958 -0.0041244453 0.69519235

E0
PauliVec
0.70203376 -0.005003926 -0.0022175933 -0.70731412

Gi
PauliMx
      1.00000000               0               0               0
      0.00000333      0.99993489     -0.00008703      0.00002898
      0.00001208      0.00004556      0.99988421      0.00000766
     -0.00000777     -0.00001499     -0.00004918      0.99991952


Gx
PauliMx
      1.00000000               0               0               0
      0.00000611      0.99994980      0.00005558      0.00000353
     -0.00000082      0.00001382      0.00007544     -0.99989903
     -0.00000383      0.00004052      0.99990135      0.00008047


Gy
PauliMx
      1.00000000               0               0               0
     -0.00000953      0.00001918      0.00002426      0.99987687
     -0.00000196     -0.00001806      0.99996665      0.00000983
      0.00000651     -0.99987878      0.00003277     -0.00003315


IDENTITYVEC 1.4142136 0 0 0
SPAMLABEL minus = rho0 remainder
SPAMLABEL plus = rho0 E0
BASIS gm 2
# BOOTSTRAP TAG: Seed =  78  Chi2 =  4790.13535737
