
rho0
PauliVec
0.70710678 0.0071152402 -0.0042930062 0.69716861

E0
PauliVec
0.70215179 -0.0037957399 0.0014885979 -0.70671019

Gi
PauliMx
      1.00000000               0               0               0
      0.00000358      0.99993684     -0.00005300      0.00001293
      0.00000084      0.00001122      0.99991331      0.00002479
      0.00000426     -0.00003592     -0.00004854      0.99989142


Gx
PauliMx
      1.00000000               0               0               0
     -0.00000042      0.99995164      0.00005142     -0.00000595
      0.00000149      0.00002113      0.00005082     -0.99990012
     -0.00000159      0.00004357      0.99990146      0.00004779


Gy
PauliMx
      1.00000000               0               0               0
     -0.00000719      0.00002054      0.00002315      0.99986215
     -0.00000613     -0.00001197      0.99995911      0.00001027
      0.00000270     -0.99986435      0.00002073     -0.00004110


IDENTITYVEC 1.4142136 0 0 0
SPAMLABEL minus = rho0 remainder
SPAMLABEL plus = rho0 E0
BASIS gm 2
# BOOTSTRAP TAG: Seed =  21  Chi2 =  4647.81379596
