
rho0
PauliVec
0.70710678 0.0059599331 -0.0014522504 0.69865718

E0
PauliVec
0.70296853 1.4385116e-05 0.0019956455 -0.70371006

Gi
PauliMx
      1.00000000               0               0               0
      0.00000178      0.99992486     -0.00006829      0.00002084
      0.00000206      0.00001538      0.99989564      0.00002101
      0.00000152     -0.00001179     -0.00005418      0.99989797


Gx
PauliMx
      1.00000000               0               0               0
     -0.00000255      0.99995820      0.00009006      0.00000192
     -0.00000055      0.00004981      0.00005279     -0.99990090
     -0.00000144      0.00004296      0.99990102      0.00008186


Gy
PauliMx
      1.00000000               0               0               0
     -0.00000709      0.00005194      0.00003051      0.99987330
     -0.00000401     -0.00001256      0.99997467     -0.00001942
      0.00000317     -0.99987460      0.00005924     -0.00003954


IDENTITYVEC 1.4142136 0 0 0
SPAMLABEL minus = rho0 remainder
SPAMLABEL plus = rho0 E0
BASIS gm 2
# BOOTSTRAP TAG: Seed =  4  Chi2 =  4588.90104852
