
rho0
PauliVec
0.70710678 0.0016199825 -0.0033016517 0.70161955

E0
PauliVec
0.70148729 -0.0039571868 -0.0038186158 -0.70241058

Gi
PauliMx
      1.00000000               0               0               0
     -0.00000076      0.99992181     -0.00007479      0.00000313
      0.00000681      0.00004253      0.99985699      0.00003473
     -0.00000080     -0.00003490     -0.00005987      0.99990836


Gx
PauliMx
      1.00000000               0               0               0
      0.00000378      0.99995848      0.00008350     -0.00001275
      0.00000616      0.00003629      0.00003964     -0.99990421
      0.00000383      0.00006222      0.99990327      0.00006391


Gy
PauliMx
      1.00000000               0               0               0
      0.00000063      0.00001141      0.00002110      0.99986804
     -0.00000574     -0.00002665      0.99995950     -0.00000081
     -0.00000198     -0.99986836      0.00004820     -0.00008545


IDENTITYVEC 1.4142136 0 0 0
SPAMLABEL minus = rho0 remainder
SPAMLABEL plus = rho0 E0
BASIS gm 2
# BOOTSTRAP TAG: Seed =  14  Chi2 =  4827.44174995
