
rho0
PauliVec
0.70710678 0.0017501552 -0.0066276797 0.70250678

E0
PauliVec
0.70228277 -0.00033773149 -7.9147903e-05 -0.70075708

Gi
PauliMx
      1.00000000               0               0               0
      0.00000248      0.99993827     -0.00007378      0.00001371
      0.00001617      0.00002652      0.99988545      0.00003435
      0.00000295     -0.00002504     -0.00005511      0.99991121


Gx
PauliMx
      1.00000000               0               0               0
      0.00000052      0.99995111      0.00005870     -0.00001779
      0.00000460      0.00003131      0.00005041     -0.99989499
     -0.00000022      0.00004568      0.99989351      0.00006522


Gy
PauliMx
      1.00000000               0               0               0
     -0.00000144      0.00001958      0.00001163      0.99987197
     -0.00000903     -0.00001775      0.99996632     -0.00000335
      0.00000027     -0.99987131      0.00002789     -0.00005689


IDENTITYVEC 1.4142136 0 0 0
SPAMLABEL minus = rho0 remainder
SPAMLABEL plus = rho0 E0
BASIS gm 2
# BOOTSTRAP TAG: Seed =  69  Chi2 =  4664.50630377
