
rho0
PauliVec
0.70710678 0.002881798 -0.0097539046 0.69739262

E0
PauliVec
0.70107508 0.0032175045 0.0017069617 -0.70452768

Gi
PauliMx
      1.00000000               0               0               0
      0.00000212      0.99993627     -0.00004900      0.00002020
      0.00000850      0.00004510      0.99988644      0.00002952
     -0.00000097     -0.00002690     -0.00006475      0.99992162


Gx
PauliMx
      1.00000000               0               0               0
      0.00000302      0.99995750      0.00004054     -0.00000757
      0.00000520      0.00002311      0.00002987     -0.99990559
     -0.00000206      0.00002402      0.99990650      0.00002788


Gy
PauliMx
      1.00000000               0               0               0
     -0.00000428      0.00001682      0.00001703      0.99986532
     -0.00000693     -0.00000309      0.99996965     -0.00000275
      0.00000272     -0.99986638      0.00001505     -0.00003268


IDENTITYVEC 1.4142136 0 0 0
SPAMLABEL minus = rho0 remainder
SPAMLABEL plus = rho0 E0
BASIS gm 2
# BOOTSTRAP TAG: Seed =  43  Chi2 =  4552.58125999
