
rho0
PauliVec
0.70710678 0.001118414 -0.012429063 0.69921751

E0
PauliVec
0.70138176 0.0037255544 -0.00088507101 -0.70317967

Gi
PauliMx
      1.00000000               0               0               0
      0.00001286      0.99992125     -0.00006598      0.00001195
      0.00000397      0.00005270      0.99987947      0.00002887
     -0.00000122     -0.00001053     -0.00004511      0.99990196


Gx
PauliMx
      1.00000000               0               0               0
      0.00000133      0.99993713      0.00004372     -0.00000207
      0.00000569      0.00001994      0.00007790     -0.99991624
     -0.00000294      0.00002338      0.99991765      0.00005012


Gy
PauliMx
      1.00000000               0               0               0
     -0.00000379      0.00000674      0.00003266      0.99988148
     -0.00000715      0.00000639      0.99997050      0.00000986
      0.00000248     -0.99988319      0.00000797     -0.00003759


IDENTITYVEC 1.4142136 0 0 0
SPAMLABEL minus = rho0 remainder
SPAMLABEL plus = rho0 E0
BASIS gm 2
# BOOTSTRAP TAG: Seed =  65  Chi2 =  4614.40970498
