
rho0
PauliVec
0.70710678 0.0029650312 -0.0011885762 0.69927631

E0
PauliVec
0.7022911 0.0026461931 -0.0027202197 -0.70354332

Gi
PauliMx
      1.00000000               0               0               0
     -0.00000521      0.99993622     -0.00005303      0.00002030
      0.00000290      0.00003074      0.99991080      0.00002185
     -0.00001402     -0.00003743     -0.00004101      0.99989086


Gx
PauliMx
      1.00000000               0               0               0
      0.00000467      0.99994264      0.00002210     -0.00001551
      0.00000269      0.00002158      0.00008133     -0.99990655
      0.00000371      0.00001689      0.99990626      0.00004358


Gy
PauliMx
      1.00000000               0               0               0
     -0.00000070      0.00001109      0.00001890      0.99986282
     -0.00001010      0.00002060      0.99995711      0.00001554
      0.00000124     -0.99986402     -0.00001399     -0.00002806


IDENTITYVEC 1.4142136 0 0 0
SPAMLABEL minus = rho0 remainder
SPAMLABEL plus = rho0 E0
BASIS gm 2
# BOOTSTRAP TAG: Seed =  99  Chi2 =  4571.9141531
