
rho0
PauliVec
0.70710678 0.0054637911 -0.0044275093 0.70193646

E0
PauliVec
0.70186139 0.00036239391 -0.0035509527 -0.7008295

Gi
PauliMx
      1.00000000               0               0               0
      0.00000227      0.99994712     -0.00006611      0.00000066
      0.00000811      0.00002859      0.99989078      0.00001491
      0.00000184     -0.00002746     -0.00006242      0.99990139


Gx
PauliMx
      1.00000000               0               0               0
     -0.00000066      0.99994196      0.00003277      0.00001655
      0.00000381     -0.00000703      0.00006179     -0.99990803
      0.00000056      0.00002606      0.99990694      0.00002246


Gy
PauliMx
      1.00000000               0               0               0
     -0.00000312     -0.00003038      0.00004174      0.99987214
     -0.00000716      0.00000058      0.99995449      0.00003395
     -0.00000093     -0.99987156      0.00000622     -0.00004926


IDENTITYVEC 1.4142136 0 0 0
SPAMLABEL minus = rho0 remainder
SPAMLABEL plus = rho0 E0
BASIS gm 2
# BOOTSTRAP TAG: Seed =  53  Chi2 =  4699.30814587
