
rho0
PauliVec
0.70710678 -0.00086253726 -0.011005581 0.70109063

E0
PauliVec
0.70139082 -0.0019571502 -0.00039326557 -0.70231002

Gi
PauliMx
      1.00000000               0               0               0
     -0.00000157      0.99992982     -0.00005396      0.00000968
      0.00001327      0.00003610      0.99989198      0.00001732
      0.00000571     -0.00004285     -0.00008178      0.99988298


Gx
PauliMx
      1.00000000               0               0               0
     -0.00000040      0.99994754      0.00003236     -0.00001470
      0.00000256      0.00002160      0.00002979     -0.99990623
     -0.00000512      0.00002903      0.99990361      0.00004439


Gy
PauliMx
      1.00000000               0               0               0
     -0.00000488     -0.00000069      0.00000150      0.99988215
     -0.00000239     -0.00001354      0.99995941     -0.00001231
      0.00000502     -0.99988414      0.00001591     -0.00004638


IDENTITYVEC 1.4142136 0 0 0
SPAMLABEL minus = rho0 remainder
SPAMLABEL plus = rho0 E0
BASIS gm 2
# BOOTSTRAP TAG: Seed =  51  Chi2 =  4862.66879248
