
rho0
PauliVec
0.70710678 -0.0013882878 -0.006108553 0.69807497

E0
PauliVec
0.70208111 0.00012337821 -0.0003912683 -0.70465643

Gi
PauliMx
      1.00000000               0               0               0
      0.00000620      0.99991994     -0.00008362     -0.00000614
      0.00000870      0.00001714      0.99989452      0.00002440
     -0.00000242     -0.00003953     -0.00005403      0.99991924


Gx
PauliMx
      1.00000000               0               0               0
     -0.00000628      0.99994905      0.00006336     -0.00000793
      0.00000885      0.00002513      0.00004224     -0.99991457
      0.00000344      0.00004775      0.99991638      0.00007491


Gy
PauliMx
      1.00000000               0               0               0
      0.00000209      0.00003250      0.00000859      0.99986909
     -0.00000873     -0.00003037      0.99996385     -0.00001002
     -0.00000083     -0.99987412      0.00004218     -0.00003864


IDENTITYVEC 1.4142136 0 0 0
SPAMLABEL minus = rho0 remainder
SPAMLABEL plus = rho0 E0
BASIS gm 2
# BOOTSTRAP TAG: Seed =  29  Chi2 =  4616.93118179
