
rho0
PauliVec
0.70710678 -0.0014312595 -0.0048149396 0.70282446

E0
PauliVec
0.70177444 -0.0084021879 -0.0010100329 -0.7006265

Gi
PauliMx
      1.00000000               0               0               0
      0.00000228      0.99993707     -0.00004991      0.00001212
      0.00001898      0.00001984      0.99989978      0.00001873
     -0.00000380     -0.00002038     -0.00004162      0.99989571


Gx
PauliMx
      1.00000000               0               0               0
      0.00000048      0.99994577      0.00005993     -0.00000737
      0.00000217      0.00002173      0.00004303     -0.99988615
     -0.00000134      0.00004990      0.99988499      0.00007291


Gy
PauliMx
      1.00000000               0               0               0
     -0.00000221      0.00003285      0.00000965      0.99989428
     -0.00000569     -0.00003170      0.99996188     -0.00000350
      0.00000321     -0.99989314      0.00004160     -0.00003257


IDENTITYVEC 1.4142136 0 0 0
SPAMLABEL minus = rho0 remainder
SPAMLABEL plus = rho0 E0
BASIS gm 2
# BOOTSTRAP TAG: Seed =  38  Chi2 =  4551.36027913
