
rho0
PauliVec
0.70710678 0.0063324466 -0.00685644 0.70008556

E0
PauliVec
0.70237544 -0.0053225098 0.0047079049 -0.7037015

Gi
PauliMx
      1.00000000               0               0               0
      0.00000355      0.99992867     -0.00006747      0.00001632
      0.00000719      0.00003074      0.99987736      0.00002800
     -0.00000079     -0.00001191     -0.00005695      0.99989379


Gx
PauliMx
      1.00000000               0               0               0
      0.00000300      0.99994674      0.00005083     -0.00000912
      0.00000554      0.00002097      0.00004751     -0.99990702
      0.00000060      0.00004691      0.99990704      0.00005796


Gy
PauliMx
      1.00000000               0               0               0
     -0.00000312      0.00002040      0.00001580      0.99986632
     -0.00000467     -0.00002124      0.99996420      0.00000431
     -0.00000155     -0.99986671      0.00002422     -0.00004297


IDENTITYVEC 1.4142136 0 0 0
SPAMLABEL minus = rho0 remainder
SPAMLABEL plus = rho0 E0
BASIS gm 2
# BOOTSTRAP TAG: Seed =  75  Chi2 =  4685.36857636
