
rho0
PauliVec
0.70710678 0.005966442 -0.0035819715 0.69755882

E0
PauliVec
0.70257212 -0.0022128963 -0.00069335258 -0.70575809

Gi
PauliMx
      1.00000000               0               0               0
      0.00000659      0.99993808     -0.00007165      0.00002482
      0.00001267      0.00002125      0.99989457      0.00000557
     -0.00000390     -0.00002123     -0.00006287      0.99990093


Gx
PauliMx
      1.00000000               0               0               0
     -0.00000224      0.99994633      0.00004468     -0.00000059
      0.00000082      0.00001736      0.00005570     -0.99991157
     -0.00000009      0.00003379      0.99991296      0.00004817


Gy
PauliMx
      1.00000000               0               0               0
     -0.00000495      0.00001705      0.00002102      0.99987781
     -0.00000291     -0.00000655      0.99995985      0.00000958
      0.00000113     -0.99988115      0.00001842     -0.00003075


IDENTITYVEC 1.4142136 0 0 0
SPAMLABEL minus = rho0 remainder
SPAMLABEL plus = rho0 E0
BASIS gm 2
# BOOTSTRAP TAG: Seed =  2  Chi2 =  4565.24726488
