
rho0
PauliVec
0.70710678 0.0047504541 -0.0081205671 0.70208499

E0
PauliVec
0.70258311 0.00075688443 0.0022803872 -0.70143456

Gi
PauliMx
      1.00000000               0               0               0
      0.00000135      0.99992574     -0.00006191      0.00000715
      0.00000911      0.00001421      0.99988401      0.00001028
      0.00000242     -0.00004306     -0.00006656      0.99989217


Gx
PauliMx
      1.00000000               0               0               0
      0.00000257      0.99993975      0.00008019     -0.00001987
      0.00000608      0.00002961      0.00004584     -0.99990130
      0.00000085      0.00007390      0.99990036      0.00007266


Gy
PauliMx
      1.00000000               0               0               0
     -0.00000182      0.00002367      0.00001620      0.99988674
     -0.00000465     -0.00003918      0.99996170      0.00000505
     -0.00000273     -0.99988615      0.00004282     -0.00007931


IDENTITYVEC 1.4142136 0 0 0
SPAMLABEL minus = rho0 remainder
SPAMLABEL plus = rho0 E0
BASIS gm 2
# BOOTSTRAP TAG: Seed =  41  Chi2 =  4647.36949652
