
rho0
PauliVec
0.70710678 -0.0015709328 -0.006404324 0.70326835

E0
PauliVec
0.70171464 0.0025414936 -5.5575746e-05 -0.69872584

Gi
PauliMx
      1.00000000               0               0               0
      0.00000245      0.99993944     -0.00007842      0.00001445
      0.00000966      0.00005303      0.99989589      0.00002418
     -0.00000124     -0.00001229     -0.00007086      0.99988923


Gx
PauliMx
      1.00000000               0               0               0
     -0.00000296      0.99994584      0.00004551     -0.00003080
      0.00000456      0.00004258      0.00003863     -0.99991099
      0.00000064      0.00002962      0.99990899      0.00007212


Gy
PauliMx
      1.00000000               0               0               0
      0.00000020      0.00001238     -0.00001089      0.99987715
     -0.00000903     -0.00001360      0.99995211     -0.00002623
      0.00000095     -0.99987619      0.00002403     -0.00006188


IDENTITYVEC 1.4142136 0 0 0
SPAMLABEL minus = rho0 remainder
SPAMLABEL plus = rho0 E0
BASIS gm 2
# BOOTSTRAP TAG: Seed =  46  Chi2 =  4702.32690484
