
rho0
PauliVec
0.70710678 0.0072508177 -0.0058719151 0.70045449

E0
PauliVec
0.70198791 -0.0035275316 -0.0019966735 -0.70190985

Gi
PauliMx
      1.00000000               0               0               0
     -0.00000510      0.99993337     -0.00008289     -0.00000138
      0.00001163      0.00002420      0.99987946      0.00002539
      0.00000317     -0.00003160     -0.00006602      0.99989462


Gx
PauliMx
      1.00000000               0               0               0
      0.00000442      0.99995235      0.00005173     -0.00000647
      0.00000163      0.00003439      0.00004616     -0.99990309
     -0.00000359      0.00003292      0.99990127      0.00005905


Gy
PauliMx
      1.00000000               0               0               0
     -0.00000796      0.00003685      0.00001341      0.99989061
     -0.00000085     -0.00000897      0.99995500     -0.00001004
      0.00000187     -0.99989136      0.00002954     -0.00002230


IDENTITYVEC 1.4142136 0 0 0
SPAMLABEL minus = rho0 remainder
SPAMLABEL plus = rho0 E0
BASIS gm 2
# BOOTSTRAP TAG: Seed =  96  Chi2 =  4649.59971023
