
rho0
PauliVec
0.70710678 0.0055243257 -0.0081062973 0.69405996

E0
PauliVec
0.70242563 -0.0039251382 -0.0022447265 -0.70850557

Gi
PauliMx
      1.00000000               0               0               0
     -0.00000035      0.99993091     -0.00008392     -0.00000713
      0.00000986      0.00003665      0.99988794      0.00001164
     -0.00000067     -0.00002517     -0.00006516      0.99992318


Gx
PauliMx
      1.00000000               0               0               0
      0.00000042      0.99995618      0.00006040     -0.00003075
      0.00000254      0.00003055      0.00004161     -0.99989062
     -0.00000406      0.00006857      0.99989250      0.00005508


Gy
PauliMx
      1.00000000               0               0               0
     -0.00000867      0.00003130      0.00000542      0.99986567
     -0.00000048     -0.00002923      0.99996744      0.00000896
      0.00000465     -0.99986976      0.00002226     -0.00006305


IDENTITYVEC 1.4142136 0 0 0
SPAMLABEL minus = rho0 remainder
SPAMLABEL plus = rho0 E0
BASIS gm 2
# BOOTSTRAP TAG: Seed =  56  Chi2 =  4707.42985972
