
rho0
PauliVec
0.70710678 0.0032609978 -0.0080490643 0.70215405

E0
PauliVec
0.70225874 0.0018466189 -0.0019723335 -0.70171142

Gi
PauliMx
      1.00000000               0               0               0
     -0.00000253      0.99992920     -0.00007714      0.00001649
      0.00000031      0.00003063      0.99990495      0.00001116
     -0.00001063     -0.00002818     -0.00005773      0.99988702


Gx
PauliMx
      1.00000000               0               0               0
     -0.00000101      0.99994502      0.00007587     -0.00000308
      0.00000316      0.00003332      0.00007169     -0.99990979
     -0.00000237      0.00004624      0.99990881      0.00009057


Gy
PauliMx
      1.00000000               0               0               0
     -0.00000392      0.00005137      0.00002495      0.99987438
      0.00000010     -0.00001954      0.99996205     -0.00000671
      0.00000160     -0.99987394      0.00004646     -0.00002884


IDENTITYVEC 1.4142136 0 0 0
SPAMLABEL minus = rho0 remainder
SPAMLABEL plus = rho0 E0
BASIS gm 2
# BOOTSTRAP TAG: Seed =  86  Chi2 =  4708.79166069
