
rho0
PauliVec
0.70710678 0.00078098519 -0.0038666516 0.70008459

E0
PauliVec
0.70249925 -0.0016645523 -0.0049825783 -0.70232808

Gi
PauliMx
      1.00000000               0               0               0
     -0.00000333      0.99992861     -0.00005522      0.00000088
      0.00000526      0.00003382      0.99988436     -0.00000906
     -0.00000722     -0.00001547     -0.00006204      0.99988685


Gx
PauliMx
      1.00000000               0               0               0
      0.00000002      0.99994999      0.00005646     -0.00002404
      0.00000859      0.00002928      0.00004418     -0.99990275
      0.00000551      0.00005364      0.99990224      0.00007004


Gy
PauliMx
      1.00000000               0               0               0
      0.00000301      0.00003118      0.00000046      0.99988963
      0.00000028     -0.00002769      0.99995408     -0.00000349
     -0.00000347     -0.99989026      0.00003058     -0.00004908


IDENTITYVEC 1.4142136 0 0 0
SPAMLABEL minus = rho0 remainder
SPAMLABEL plus = rho0 E0
BASIS gm 2
# BOOTSTRAP TAG: Seed =  91  Chi2 =  4626.65686838
