
rho0
PauliVec
0.70710678 0.0055408872 -0.0073665721 0.69720433

E0
PauliVec
0.70258116 -0.0041877059 0.00047672256 -0.70683966

Gi
PauliMx
      1.00000000               0               0               0
     -0.00000095      0.99993672     -0.00003319      0.00001041
      0.00000294      0.00003908      0.99988313      0.00001551
     -0.00000800     -0.00002384     -0.00003377      0.99990098


Gx
PauliMx
      1.00000000               0               0               0
      0.00000898      0.99994550      0.00006611     -0.00002954
               0      0.00002800      0.00002633     -0.99990383
     -0.00000338      0.00007295      0.99990481      0.00007031


Gy
PauliMx
      1.00000000               0               0               0
     -0.00000953      0.00002752     -0.00000546      0.99987195
     -0.00000715     -0.00004717      0.99996759     -0.00000245
      0.00000321     -0.99987409      0.00004043     -0.00007032


IDENTITYVEC 1.4142136 0 0 0
SPAMLABEL minus = rho0 remainder
SPAMLABEL plus = rho0 E0
BASIS gm 2
# BOOTSTRAP TAG: Seed =  62  Chi2 =  4609.48099172
