
rho0
PauliVec
0.70710678 0.004259306 -0.0052182121 0.69930313

E0
PauliVec
0.70345528 -0.00059702627 0.0014561881 -0.70542787

Gi
PauliMx
      1.00000000               0               0               0
     -0.00000117      0.99992853     -0.00006600      0.00001928
      0.00000410      0.00001092      0.99988006      0.00003288
     -0.00000780     -0.00001063     -0.00006627      0.99989545


Gx
PauliMx
      1.00000000               0               0               0
      0.00000078      0.99993672      0.00007937      0.00001192
      0.00000355      0.00001204      0.00006077     -0.99989654
     -0.00000019      0.00005854      0.99989711      0.00006303


Gy
PauliMx
      1.00000000               0               0               0
     -0.00000354      0.00003224      0.00004394      0.99988107
     -0.00000208     -0.00002699      0.99996204      0.00001927
      0.00000058     -0.99988194      0.00004611     -0.00003709


IDENTITYVEC 1.4142136 0 0 0
SPAMLABEL minus = rho0 remainder
SPAMLABEL plus = rho0 E0
BASIS gm 2
# BOOTSTRAP TAG: Seed =  36  Chi2 =  4545.22917448
