
rho0
PauliVec
0.70710678 -0.0013395877 -0.0060393625 0.69807008

E0
PauliVec
0.70144483 -0.00091982853 0.0032466536 -0.70524405

Gi
PauliMx
      1.00000000               0               0               0
      0.00000471      0.99992819     -0.00005512      0.00001240
      0.00000015      0.00002559      0.99989856      0.00000691
     -0.00000158     -0.00004839     -0.00004320      0.99990016


Gx
PauliMx
      1.00000000               0               0               0
     -0.00000166      0.99995101      0.00003765     -0.00001949
      0.00000602      0.00002835      0.00007859     -0.99990478
      0.00000208      0.00002768      0.99990336      0.00006681


Gy
PauliMx
      1.00000000               0               0               0
     -0.00000059      0.00001665      0.00001825      0.99988283
      0.00000141      0.00000645      0.99996318      0.00000434
      0.00000160     -0.99988282      0.00000168     -0.00003858


IDENTITYVEC 1.4142136 0 0 0
SPAMLABEL minus = rho0 remainder
SPAMLABEL plus = rho0 E0
BASIS gm 2
# BOOTSTRAP TAG: Seed =  45  Chi2 =  4579.07679736
