
rho0
PauliVec
0.70710678 0.0025020101 -0.0020285611 0.69690561

E0
PauliVec
0.70213745 0.00070241043 -0.00099896574 -0.70712839

Gi
PauliMx
      1.00000000               0               0               0
      0.00000276      0.99993077     -0.00006418      0.00002364
      0.00000444      0.00002901      0.99990427      0.00001035
      0.00000818     -0.00004426     -0.00007801      0.99989847


Gx
PauliMx
      1.00000000               0               0               0
      0.00000670      0.99992885      0.00008731     -0.00001863
      0.00000319      0.00004135      0.00000682     -0.99990987
      0.00000231      0.00006482      0.99991136      0.00006900


Gy
PauliMx
      1.00000000               0               0               0
     -0.00000300      0.00006087      0.00000106      0.99987810
     -0.00000509     -0.00004457      0.99995510     -0.00002070
      0.00000204     -0.99987994      0.00006523     -0.00004547


IDENTITYVEC 1.4142136 0 0 0
SPAMLABEL minus = rho0 remainder
SPAMLABEL plus = rho0 E0
BASIS gm 2
# BOOTSTRAP TAG: Seed =  35  Chi2 =  4567.33578583
