
rho0
PauliVec
0.70710678 0.0036748676 -0.0014271339 0.70001384

E0
PauliVec
0.70216912 -0.0031017556 -0.0006043462 -0.70358499

Gi
PauliMx
      1.00000000               0               0               0
      0.00000115      0.99992070     -0.00007727      0.00001258
      0.00001380      0.00002788      0.99988662      0.00001632
     -0.00000290     -0.00002069     -0.00004055      0.99989380


Gx
PauliMx
      1.00000000               0               0               0
      0.00000476      0.99995055      0.00003409     -0.00002137
      0.00000352      0.00002536      0.00003414     -0.99990373
      0.00000227      0.00003407      0.99990580      0.00005838


Gy
PauliMx
      1.00000000               0               0               0
     -0.00000206      0.00003032     -0.00000617      0.99987601
     -0.00000422     -0.00001696      0.99996165     -0.00001008
     -0.00000059     -0.99987862      0.00001983     -0.00002705


IDENTITYVEC 1.4142136 0 0 0
SPAMLABEL minus = rho0 remainder
SPAMLABEL plus = rho0 E0
BASIS gm 2
# BOOTSTRAP TAG: Seed =  25  Chi2 =  4610.29832527
