
rho0
PauliVec
0.70710678 -0.0017709034 -0.010763133 0.69930753

E0
PauliVec
0.70240905 -0.004660967 0.0031483134 -0.70381672

Gi
PauliMx
      1.00000000               0               0               0
      0.00000198      0.99994194     -0.00006042      0.00002958
      0.00001303      0.00006767      0.99987604      0.00002627
      0.00000459     -0.00001377     -0.00006637      0.99989949


Gx
PauliMx
      1.00000000               0               0               0
      0.00000110      0.99995248      0.00003648     -0.00000143
      0.00000562      0.00001765      0.00004772     -0.99991195
     -0.00000202      0.00001860      0.99991034      0.00001649


Gy
PauliMx
      1.00000000               0               0               0
      0.00000049      0.00001530      0.00003216      0.99986843
     -0.00000588      0.00001076      0.99996197      0.00000649
      0.00000154     -0.99986739      0.00000678     -0.00001747


IDENTITYVEC 1.4142136 0 0 0
SPAMLABEL minus = rho0 remainder
SPAMLABEL plus = rho0 E0
BASIS gm 2
# BOOTSTRAP TAG: Seed =  37  Chi2 =  4703.52702787
