
rho0
PauliVec
0.70710678 0.0047929022 -0.010098221 0.70042473

E0
PauliVec
0.70179288 0.00033102795 0.00087493832 -0.70261597

Gi
PauliMx
      1.00000000               0               0               0
      0.00000398      0.99994348     -0.00006454      0.00003090
      0.00000981      0.00003513      0.99990006      0.00002771
      0.00000492     -0.00002366     -0.00005344      0.99988038


Gx
PauliMx
      1.00000000               0               0               0
      0.00000345      0.99993992      0.00008873     -0.00000999
      0.00000352      0.00002603      0.00002595     -0.99990484
     -0.00000299      0.00007397      0.99990552      0.00006326


Gy
PauliMx
      1.00000000               0               0               0
     -0.00000645      0.00003827      0.00002019      0.99988136
     -0.00000381     -0.00004813      0.99996079      0.00000080
      0.00000030     -0.99987998      0.00005653     -0.00006231


IDENTITYVEC 1.4142136 0 0 0
SPAMLABEL minus = rho0 remainder
SPAMLABEL plus = rho0 E0
BASIS gm 2
# BOOTSTRAP TAG: Seed =  95  Chi2 =  4711.17098441
