
rho0
PauliVec
0.70710678 -0.0030588989 -0.0098425811 0.69723638

E0
PauliVec
0.70277905 -0.0021068689 0.0010017303 -0.7070296

Gi
PauliMx
      1.00000000               0               0               0
      0.00000501      0.99992086     -0.00007031      0.00000553
      0.00000460      0.00001278      0.99988762      0.00002580
     -0.00000407     -0.00000840     -0.00006015      0.99990017


Gx
PauliMx
      1.00000000               0               0               0
     -0.00000133      0.99994206      0.00006914      0.00000655
      0.00000632      0.00003184      0.00009071     -0.99990945
     -0.00000115      0.00002947      0.99991114      0.00008232


Gy
PauliMx
      1.00000000               0               0               0
     -0.00000134      0.00001061      0.00004046      0.99988647
     -0.00000959      0.00000114      0.99996283     -0.00000125
      0.00000289     -0.99988879      0.00003317     -0.00004815


IDENTITYVEC 1.4142136 0 0 0
SPAMLABEL minus = rho0 remainder
SPAMLABEL plus = rho0 E0
BASIS gm 2
# BOOTSTRAP TAG: Seed =  54  Chi2 =  4739.7378493
