
rho0
PauliVec
0.70710678 0.0034188887 -0.0037701036 0.70214503

E0
PauliVec
0.70213467 0.00011294288 0.0049732371 -0.70106341

Gi
PauliMx
      1.00000000               0               0               0
     -0.00000089      0.99994473     -0.00005512      0.00000231
      0.00000890      0.00003283      0.99988213      0.00002262
     -0.00000484     -0.00003183     -0.00007160      0.99989496


Gx
PauliMx
      1.00000000               0               0               0
      0.00000315      0.99993612      0.00004043     -0.00000070
      0.00000317      0.00001913      0.00004759     -0.99990765
      0.00000100      0.00002424      0.99990683      0.00005644


Gy
PauliMx
      1.00000000               0               0               0
     -0.00000221     -0.00000233      0.00001571      0.99988484
     -0.00000310     -0.00000915      0.99996750     -0.00000406
      0.00000004     -0.99988404      0.00002259     -0.00004518


IDENTITYVEC 1.4142136 0 0 0
SPAMLABEL minus = rho0 remainder
SPAMLABEL plus = rho0 E0
BASIS gm 2
# BOOTSTRAP TAG: Seed =  48  Chi2 =  4650.45081202
