
rho0
PauliVec
0.70710678 0.0040629939 -0.0053065255 0.69940297

E0
PauliVec
0.70131114 0.001312533 0.0010037699 -0.70389134

Gi
PauliMx
      1.00000000               0               0               0
      0.00000285      0.99992344     -0.00005807      0.00000074
      0.00000607      0.00002569      0.99989888      0.00001216
     -0.00000886     -0.00000658     -0.00005516      0.99989673


Gx
PauliMx
      1.00000000               0               0               0
      0.00000182      0.99995492      0.00009717     -0.00000328
      0.00000384      0.00002124      0.00002584     -0.99990435
               0      0.00008004      0.99990423      0.00005803


Gy
PauliMx
      1.00000000               0               0               0
     -0.00000401      0.00004960      0.00002993      0.99986954
     -0.00000568     -0.00004817      0.99996820      0.00001053
      0.00000107     -0.99987058      0.00006261     -0.00005225


IDENTITYVEC 1.4142136 0 0 0
SPAMLABEL minus = rho0 remainder
SPAMLABEL plus = rho0 E0
BASIS gm 2
# BOOTSTRAP TAG: Seed =  52  Chi2 =  4622.77796063
