
rho0
PauliVec
0.70710678 0.0045998285 -0.0069791022 0.69941849

E0
PauliVec
0.70171363 -0.00251131 0.0018077049 -0.70463863

Gi
PauliMx
      1.00000000               0               0               0
      0.00000129      0.99992729     -0.00005854      0.00001159
      0.00000696      0.00003584      0.99988319      0.00003432
      0.00000379     -0.00002733     -0.00006376      0.99990979


Gx
PauliMx
      1.00000000               0               0               0
      0.00000310      0.99994588      0.00002871     -0.00001703
      0.00000042      0.00002178      0.00005171     -0.99989849
     -0.00000345      0.00002903      0.99989882      0.00004820


Gy
PauliMx
      1.00000000               0               0               0
     -0.00000787     -0.00000298      0.00000727      0.99987193
     -0.00001135     -0.00000530      0.99996630      0.00000249
      0.00000399     -0.99987125      0.00000301     -0.00005117


IDENTITYVEC 1.4142136 0 0 0
SPAMLABEL minus = rho0 remainder
SPAMLABEL plus = rho0 E0
BASIS gm 2
# BOOTSTRAP TAG: Seed =  59  Chi2 =  4682.39259396
