
rho0
PauliVec
0.70710678 0.0022415583 -0.0082674129 0.69505245

E0
PauliVec
0.70185407 -0.00044164845 0.0027701972 -0.70863871

Gi
PauliMx
      1.00000000               0               0               0
      0.00000538      0.99993619     -0.00007186      0.00001518
      0.00000191      0.00001046      0.99989649      0.00001265
     -0.00001227     -0.00002830     -0.00006415      0.99990514


Gx
PauliMx
      1.00000000               0               0               0
     -0.00000039      0.99994436      0.00007331     -0.00001263
      0.00000251      0.00001379      0.00004377     -0.99990011
     -0.00000319      0.00007267      0.99990201      0.00006992


Gy
PauliMx
      1.00000000               0               0               0
     -0.00000708      0.00001099      0.00001686      0.99986910
     -0.00000483     -0.00004614      0.99995843      0.00001297
      0.00000523     -0.99987208      0.00004236     -0.00007501


IDENTITYVEC 1.4142136 0 0 0
SPAMLABEL minus = rho0 remainder
SPAMLABEL plus = rho0 E0
BASIS gm 2
# BOOTSTRAP TAG: Seed =  70  Chi2 =  4736.72232694
