
rho0
PauliVec
0.70710678 0.0027912247 -0.0053884477 0.70502836

E0
PauliVec
0.70253014 -0.0031240567 -0.00049777743 -0.69728978

Gi
PauliMx
      1.00000000               0               0               0
      0.00001350      0.99993231     -0.00005425     -0.00001378
      0.00000538      0.00000958      0.99989067     -0.00000328
      0.00000180     -0.00004016     -0.00006368      0.99989812


Gx
PauliMx
      1.00000000               0               0               0
      0.00000019      0.99994432      0.00007476     -0.00000470
      0.00000117      0.00002771      0.00005467     -0.99991002
     -0.00000329      0.00005516      0.99990551      0.00006208


Gy
PauliMx
      1.00000000               0               0               0
     -0.00000390      0.00003021      0.00002896      0.99987583
     -0.00000348     -0.00001956      0.99996543      0.00000705
      0.00000258     -0.99987352      0.00003963     -0.00005070


IDENTITYVEC 1.4142136 0 0 0
SPAMLABEL minus = rho0 remainder
SPAMLABEL plus = rho0 E0
BASIS gm 2
# BOOTSTRAP TAG: Seed =  50  Chi2 =  4550.89371393
