
rho0
PauliVec
0.70710678 2.312903e-05 -0.0045886556 0.69706918

E0
PauliVec
0.70170378 -0.0024826656 -0.00064577493 -0.70572715

Gi
PauliMx
      1.00000000               0               0               0
      0.00000602      0.99993928     -0.00007657      0.00001109
      0.00000175      0.00004685      0.99990243      0.00002391
      0.00000190     -0.00001224     -0.00005723      0.99989580


Gx
PauliMx
      1.00000000               0               0               0
     -0.00000503      0.99993564      0.00006575      0.00001020
      0.00000498      0.00002780      0.00008094     -0.99989711
      0.00000101      0.00002807      0.99989724      0.00008490


Gy
PauliMx
      1.00000000               0               0               0
     -0.00000273      0.00002289      0.00003470      0.99987328
     -0.00000172     -0.00000469      0.99996577     -0.00000397
      0.00000196     -0.99987547      0.00004076     -0.00003119


IDENTITYVEC 1.4142136 0 0 0
SPAMLABEL minus = rho0 remainder
SPAMLABEL plus = rho0 E0
BASIS gm 2
# BOOTSTRAP TAG: Seed =  90  Chi2 =  4436.96212123
