
rho0
PauliVec
0.70710678 0.0017372441 -0.0062025284 0.70067869

E0
PauliVec
0.70137669 0.00080854673 -0.0012129674 -0.70204175

Gi
PauliMx
      1.00000000               0               0               0
      0.00000017      0.99993403     -0.00007250      0.00000226
     -0.00000082      0.00004637      0.99989176      0.00002325
      0.00000514     -0.00002206     -0.00004452      0.99991024


Gx
PauliMx
      1.00000000               0               0               0
     -0.00000317      0.99994769      0.00006303     -0.00000091
      0.00000580      0.00001514      0.00004654     -0.99990946
      0.00000099      0.00004834      0.99990834      0.00004515


Gy
PauliMx
      1.00000000               0               0               0
     -0.00000070      0.00001730      0.00003048      0.99987618
     -0.00001183     -0.00001951      0.99995183      0.00001502
      0.00000002     -0.99987655      0.00003080     -0.00004620


IDENTITYVEC 1.4142136 0 0 0
SPAMLABEL minus = rho0 remainder
SPAMLABEL plus = rho0 E0
BASIS gm 2
# BOOTSTRAP TAG: Seed =  28  Chi2 =  4850.90542328
