
rho0
PauliVec
0.70710678 -0.0052119834 -0.0036593448 0.70321635

E0
PauliVec
0.70224809 1.3896956e-05 -0.00083706647 -0.70009753

Gi
PauliMx
      1.00000000               0               0               0
      0.00000525      0.99993140     -0.00006889      0.00002438
      0.00000850      0.00003093      0.99988604      0.00002340
     -0.00000134     -0.00005056     -0.00007821      0.99990012


Gx
PauliMx
      1.00000000               0               0               0
     -0.00000263      0.99994897      0.00006138     -0.00004248
      0.00000474      0.00002612      0.00003658     -0.99990216
      0.00000207      0.00007367      0.99990104      0.00004910


Gy
PauliMx
      1.00000000               0               0               0
      0.00000179      0.00002610      0.00000259      0.99988284
     -0.00000885     -0.00003374      0.99995760      0.00001706
      0.00000231     -0.99988130      0.00001693     -0.00007377


IDENTITYVEC 1.4142136 0 0 0
SPAMLABEL minus = rho0 remainder
SPAMLABEL plus = rho0 E0
BASIS gm 2
# BOOTSTRAP TAG: Seed =  42  Chi2 =  4601.42869968
