
rho0
PauliVec
0.70710678 0.00046849109 -0.0065480043 0.70174602

E0
PauliVec
0.70201524 0.0031129162 -0.0019876983 -0.70128342

Gi
PauliMx
      1.00000000               0               0               0
     -0.00000047      0.99993293     -0.00009917      0.00000173
      0.00000107      0.00001228      0.99989437      0.00001920
      0.00000458     -0.00003069     -0.00007208      0.99989908


Gx
PauliMx
      1.00000000               0               0               0
      0.00000007      0.99995085      0.00006562     -0.00003323
      0.00000375      0.00003765      0.00003794     -0.99990354
     -0.00000031      0.00005716      0.99990229      0.00007533


Gy
PauliMx
      1.00000000               0               0               0
     -0.00000192      0.00001841     -0.00000396      0.99987741
     -0.00000431     -0.00003200      0.99994684     -0.00001249
      0.00000142     -0.99987742      0.00003546     -0.00007877


IDENTITYVEC 1.4142136 0 0 0
SPAMLABEL minus = rho0 remainder
SPAMLABEL plus = rho0 E0
BASIS gm 2
# BOOTSTRAP TAG: Seed =  79  Chi2 =  4631.59476798
