
rho0
PauliVec
0.70710678 0.00086662394 0.00039361375 0.69944703

E0
PauliVec
0.70220264 0.001508859 -0.0017765636 -0.702692

Gi
PauliMx
      1.00000000               0               0               0
      0.00000636      0.99993397     -0.00006218      0.00002061
      0.00000101      0.00004006      0.99987761      0.00001673
     -0.00000891     -0.00001826     -0.00007946      0.99989330


Gx
PauliMx
      1.00000000               0               0               0
      0.00000602      0.99994134      0.00005777     -0.00002124
      0.00000314      0.00002797      0.00002847     -0.99991222
      0.00000407      0.00005066      0.99991245      0.00004995


Gy
PauliMx
      1.00000000               0               0               0
     -0.00000127      0.00002029      0.00000545      0.99987764
     -0.00000334     -0.00002266      0.99996641     -0.00000022
     -0.00000029     -0.99987783      0.00002945     -0.00005861


IDENTITYVEC 1.4142136 0 0 0
SPAMLABEL minus = rho0 remainder
SPAMLABEL plus = rho0 E0
BASIS gm 2
# BOOTSTRAP TAG: Seed =  97  Chi2 =  4660.81845715
