
rho0
PauliVec
0.70710678 0.0027613544 -0.0047712736 0.70477841

E0
PauliVec
0.70222446 -0.0040378159 -0.0030198138 -0.6992472

Gi
PauliMx
      1.00000000               0               0               0
      0.00000596      0.99992946     -0.00007602      0.00000978
      0.00000170      0.00001383      0.99989179      0.00003784
     -0.00000599     -0.00002955     -0.00007937      0.99987911


Gx
PauliMx
      1.00000000               0               0               0
     -0.00000351      0.99994066      0.00006444      0.00001004
      0.00000451      0.00002430      0.00006354     -0.99989940
      0.00000096      0.00003163      0.99989870      0.00004220


Gy
PauliMx
      1.00000000               0               0               0
     -0.00000028      0.00002344      0.00004508      0.99987215
      0.00000011      0.00000553      0.99996069      0.00001243
     -0.00000123     -0.99986926      0.00002823     -0.00003023


IDENTITYVEC 1.4142136 0 0 0
SPAMLABEL minus = rho0 remainder
SPAMLABEL plus = rho0 E0
BASIS gm 2
# BOOTSTRAP TAG: Seed =  31  Chi2 =  4539.28841768
