
rho0
PauliVec
0.70710678 0.003987813 -0.0025628576 0.69458977

E0
PauliVec
0.70210276 -0.0043577249 -0.0068827488 -0.7087045

Gi
PauliMx
      1.00000000               0               0               0
      0.00000214      0.99992871     -0.00008120     -0.00000963
      0.00000883      0.00002558      0.99988113     -0.00000120
     -0.00000044     -0.00002965     -0.00006994      0.99989535


Gx
PauliMx
      1.00000000               0               0               0
     -0.00000350      0.99993999      0.00005793     -0.00003482
      0.00000310      0.00004988      0.00004520     -0.99989075
      0.00000078      0.00004776      0.99989253      0.00006317


Gy
PauliMx
      1.00000000               0               0               0
     -0.00000513      0.00004855     -0.00000148      0.99987692
     -0.00000300     -0.00000940      0.99997029     -0.00001147
      0.00000275     -0.99988091      0.00002345     -0.00004557


IDENTITYVEC 1.4142136 0 0 0
SPAMLABEL minus = rho0 remainder
SPAMLABEL plus = rho0 E0
BASIS gm 2
# BOOTSTRAP TAG: Seed =  33  Chi2 =  4676.39890383
