
rho0
PauliVec
0.70710678 0.0055620807 -0.0092940352 0.70014929

E0
PauliVec
0.70231988 -0.0025330349 -0.0022396633 -0.70287458

Gi
PauliMx
      1.00000000               0               0               0
     -0.00000033      0.99994028     -0.00008986     -0.00000420
      0.00000865      0.00004299      0.99988301      0.00002704
      0.00000559     -0.00001483     -0.00007288      0.99989816


Gx
PauliMx
      1.00000000               0               0               0
     -0.00000147      0.99994703      0.00006338     -0.00000610
      0.00000269      0.00002757      0.00006864     -0.99990080
     -0.00000395      0.00004680      0.99990050      0.00007829


Gy
PauliMx
      1.00000000               0               0               0
     -0.00000640      0.00001887      0.00002199      0.99988095
     -0.00000026     -0.00001868      0.99996936      0.00000039
      0.00000255     -0.99988132      0.00003395     -0.00005327


IDENTITYVEC 1.4142136 0 0 0
SPAMLABEL minus = rho0 remainder
SPAMLABEL plus = rho0 E0
BASIS gm 2
# BOOTSTRAP TAG: Seed =  49  Chi2 =  4546.36170055
