
rho0
PauliVec
0.70710678 0.0076559997 -0.0056569552 0.69784534

E0
PauliVec
0.70105136 0.001421248 -0.00075773619 -0.7048279

Gi
PauliMx
      1.00000000               0               0               0
      0.00000094      0.99993376     -0.00005319      0.00001266
      0.00001004      0.00004157      0.99990254      0.00004909
      0.00000229     -0.00003246     -0.00005728      0.99989438


Gx
PauliMx
      1.00000000               0               0               0
     -0.00000498      0.99994566      0.00004826     -0.00002662
      0.00000385      0.00002420      0.00004201     -0.99990530
     -0.00000004      0.00005331      0.99990590      0.00006924


Gy
PauliMx
      1.00000000               0               0               0
     -0.00000599      0.00003359     -0.00000405      0.99988076
     -0.00000586     -0.00003143      0.99995168     -0.00000235
      0.00000022     -0.99988192      0.00002429     -0.00004628


IDENTITYVEC 1.4142136 0 0 0
SPAMLABEL minus = rho0 remainder
SPAMLABEL plus = rho0 E0
BASIS gm 2
# BOOTSTRAP TAG: Seed =  16  Chi2 =  4634.30972779
