
rho0
PauliVec
0.70710678 -0.001612515 -0.0061374182 0.70455314

E0
PauliVec
0.70199158 0.0013870842 0.0035897782 -0.69838556

Gi
PauliMx
      1.00000000               0               0               0
      0.00000019      0.99994038     -0.00008220     -0.00000688
     -0.00000134      0.00001753      0.99989228      0.00002709
      0.00000073     -0.00001962     -0.00005081      0.99987986


Gx
PauliMx
      1.00000000               0               0               0
     -0.00000300      0.99994624      0.00005195     -0.00002117
      0.00000411      0.00003064      0.00005614     -0.99989581
     -0.00000008      0.00004102      0.99989182      0.00005132


Gy
PauliMx
      1.00000000               0               0               0
     -0.00000035      0.00001824      0.00001842      0.99987876
     -0.00000147     -0.00000602      0.99997280      0.00000803
      0.00000163     -0.99987547      0.00001005     -0.00005023


IDENTITYVEC 1.4142136 0 0 0
SPAMLABEL minus = rho0 remainder
SPAMLABEL plus = rho0 E0
BASIS gm 2
# BOOTSTRAP TAG: Seed =  3  Chi2 =  4586.93417216
