
rho0
PauliVec
0.70710678 0.00067077248 -0.0057654063 0.69739169

E0
PauliVec
0.70184631 -0.0024825567 -0.0021272789 -0.70491819

Gi
PauliMx
      1.00000000               0               0               0
      0.00000502      0.99993642     -0.00006110      0.00000642
      0.00000679      0.00001271      0.99989521      0.00000897
     -0.00000361     -0.00003711     -0.00006617      0.99990822


Gx
PauliMx
      1.00000000               0               0               0
     -0.00000481      0.99993263      0.00005338     -0.00000808
      0.00000635      0.00000189      0.00003440     -0.99990909
      0.00000207      0.00006099      0.99990961      0.00004647


Gy
PauliMx
      1.00000000               0               0               0
     -0.00000095      0.00000362      0.00001417      0.99988311
     -0.00001087     -0.00003817      0.99996382      0.00002082
      0.00000038     -0.99988472      0.00002933     -0.00005719


IDENTITYVEC 1.4142136 0 0 0
SPAMLABEL minus = rho0 remainder
SPAMLABEL plus = rho0 E0
BASIS gm 2
# BOOTSTRAP TAG: Seed =  27  Chi2 =  4690.57725264
