
rho0
PauliVec
0.70710678 0.0042114364 -0.0061871517 0.69829589

E0
PauliVec
0.70224757 -0.00067437242 -0.00087271051 -0.70528522

Gi
PauliMx
      1.00000000               0               0               0
      0.00000363      0.99993505     -0.00006033      0.00000471
      0.00000033      0.00002793      0.99989114      0.00004102
     -0.00001203     -0.00002370     -0.00006613      0.99989929


Gx
PauliMx
      1.00000000               0               0               0
      0.00000051      0.99994342      0.00006347     -0.00001550
      0.00000539      0.00001728      0.00004361     -0.99990956
      0.00000091      0.00006466      0.99991030      0.00006878


Gy
PauliMx
      1.00000000               0               0               0
     -0.00000279      0.00002172      0.00000994      0.99987616
     -0.00000984     -0.00003911      0.99995537      0.00000810
               0     -0.99987756      0.00003701     -0.00005890


IDENTITYVEC 1.4142136 0 0 0
SPAMLABEL minus = rho0 remainder
SPAMLABEL plus = rho0 E0
BASIS gm 2
# BOOTSTRAP TAG: Seed =  9  Chi2 =  4398.78487356
