
rho0
PauliVec
0.70710678 0.0009664645 -0.0055609068 0.69786242

E0
PauliVec
0.70239801 -0.0013701724 0.00029180252 -0.70484955

Gi
PauliMx
      1.00000000               0               0               0
      0.00000425      0.99993745     -0.00008509      0.00003771
      0.00000200      0.00004412      0.99988572      0.00001831
      0.00000515     -0.00003589     -0.00004399      0.99989427


Gx
PauliMx
      1.00000000               0               0               0
      0.00000163      0.99995346      0.00004900      0.00000981
      0.00000788      0.00000603      0.00007418     -0.99990361
      0.00000367      0.00003524      0.99990424      0.00004375


Gy
PauliMx
      1.00000000               0               0               0
      0.00000068      0.00001483      0.00004330      0.99986576
     -0.00000733     -0.00000154      0.99996853      0.00002740
     -0.00000142     -0.99986694      0.00001460     -0.00002459


IDENTITYVEC 1.4142136 0 0 0
SPAMLABEL minus = rho0 remainder
SPAMLABEL plus = rho0 E0
BASIS gm 2
# BOOTSTRAP TAG: Seed =  26  Chi2 =  4673.65877853
