
rho0
PauliVec
0.70710678 0.0036623499 -0.007057364 0.69942408

E0
PauliVec
0.70188457 -0.0041028315 -0.0038506943 -0.70438767

Gi
PauliMx
      1.00000000               0               0               0
      0.00000054      0.99993442     -0.00006850     -0.00001465
      0.00000927      0.00003767      0.99990106      0.00001522
      0.00000343     -0.00002639     -0.00007860      0.99986917


Gx
PauliMx
      1.00000000               0               0               0
     -0.00000146      0.99994930      0.00007297      0.00000027
      0.00000627      0.00002566      0.00002344     -0.99989873
      0.00000115      0.00005181      0.99989914      0.00004071


Gy
PauliMx
      1.00000000               0               0               0
     -0.00000181      0.00001986      0.00002542      0.99986973
     -0.00000692     -0.00002474      0.99996279      0.00000120
     -0.00000074     -0.99987060      0.00004636     -0.00005428


IDENTITYVEC 1.4142136 0 0 0
SPAMLABEL minus = rho0 remainder
SPAMLABEL plus = rho0 E0
BASIS gm 2
# BOOTSTRAP TAG: Seed =  20  Chi2 =  4624.71778102
