
rho0
PauliVec
0.70710678 0.00052316844 -0.0066908946 0.70578986

E0
PauliVec
0.70212868 0.0038833976 -0.0050613513 -0.6987183

Gi
PauliMx
      1.00000000               0               0               0
      0.00000482      0.99992597     -0.00005839     -0.00001038
      0.00001527      0.00003293      0.99986918      0.00002302
     -0.00000317     -0.00003937     -0.00007132      0.99990763


Gx
PauliMx
      1.00000000               0               0               0
     -0.00000238      0.99995490      0.00003590     -0.00000202
      0.00000158     -0.00000425      0.00003717     -0.99989671
     -0.00000323      0.00003899      0.99989419      0.00002264


Gy
PauliMx
      1.00000000               0               0               0
     -0.00000281      0.00000980      0.00002099      0.99987501
     -0.00000769     -0.00001799      0.99997059      0.00002565
      0.00000241     -0.99987271      0.00001124     -0.00002704


IDENTITYVEC 1.4142136 0 0 0
SPAMLABEL minus = rho0 remainder
SPAMLABEL plus = rho0 E0
BASIS gm 2
# BOOTSTRAP TAG: Seed =  64  Chi2 =  4729.64094537
