
rho0
PauliVec
0.70710678 0.0039592538 -0.0052631954 0.69088765

E0
PauliVec
0.701154 0.0025011719 0.0012689952 -0.71023848

Gi
PauliMx
      1.00000000               0               0               0
      0.00000390      0.99992867     -0.00007874      0.00001053
      0.00000790      0.00003341      0.99987732      0.00002481
     -0.00000588     -0.00002918     -0.00004685      0.99990148


Gx
PauliMx
      1.00000000               0               0               0
      0.00000329      0.99993937      0.00003908     -0.00000854
      0.00000912      0.00001809      0.00007666     -0.99990006
      0.00000556      0.00003017      0.99990380      0.00006324


Gy
PauliMx
      1.00000000               0               0               0
     -0.00000136      0.00002330      0.00002070      0.99987286
     -0.00001058     -0.00000198      0.99997728      0.00001010
     -0.00000111     -0.99987712      0.00000782     -0.00002620


IDENTITYVEC 1.4142136 0 0 0
SPAMLABEL minus = rho0 remainder
SPAMLABEL plus = rho0 E0
BASIS gm 2
# BOOTSTRAP TAG: Seed =  47  Chi2 =  4583.4758089
