
rho0
PauliVec
0.70710678 0.0032880737 -0.010934258 0.70372577

E0
PauliVec
0.70115478 -0.0027503807 0.002408019 -0.7004682

Gi
PauliMx
      1.00000000               0               0               0
      0.00000538      0.99993005     -0.00006096      0.00002657
     -0.00000353      0.00002429      0.99989523      0.00000595
     -0.00000310     -0.00003530     -0.00004239      0.99990421


Gx
PauliMx
      1.00000000               0               0               0
      0.00000588      0.99994863      0.00007505     -0.00000750
      0.00001076      0.00004551      0.00005781     -0.99989667
      0.00000122      0.00003960      0.99989553      0.00009687


Gy
PauliMx
      1.00000000               0               0               0
      0.00000122      0.00002924      0.00001412      0.99987782
     -0.00000427     -0.00002139      0.99995248     -0.00002748
     -0.00000479     -0.99987619      0.00005225     -0.00005377


IDENTITYVEC 1.4142136 0 0 0
SPAMLABEL minus = rho0 remainder
SPAMLABEL plus = rho0 E0
BASIS gm 2
# BOOTSTRAP TAG: Seed =  100  Chi2 =  4690.01875073
