
rho0
PauliVec
0.70710678 -0.004640043 0.01232283 -0.7188827

E0
PauliVec
0.70132105 -0.00081208979 0.0014946848 0.6844481

Gi
PauliMx
      1.00000000               0               0               0
     -0.00000827      0.99991998     -0.00006068     -0.00001048
     -0.00000330      0.00004802      0.99988486      0.00004694
      0.00000060     -0.00002287     -0.00006959      0.99990185


Gx
PauliMx
      1.00000000               0               0               0
      0.00000230      0.99993749      0.00006555      0.00000866
      0.00025284      0.00003069      0.00007500     -0.99992997
      0.00024839      0.00003452      0.99990014      0.00006639


Gy
PauliMx
      1.00000000               0               0               0
     -0.00025396      0.00002384      0.00003013      0.99988682
     -0.00000017     -0.00000860      0.99995455     -0.00000216
      0.00024907     -0.99986895      0.00004419     -0.00004646


IDENTITYVEC 1.4142136 0 0 0
SPAMLABEL minus = rho0 remainder
SPAMLABEL plus = rho0 E0
BASIS gm 2
# BOOTSTRAP TAG: Seed =  18  Chi2 =  4490.86870224
