
rho0
PauliVec
0.70710678 0.0020325617 -0.0082274289 0.70293256

E0
PauliVec
0.70248028 0.002184137 -0.0031060781 -0.70232305

Gi
PauliMx
      1.00000000               0               0               0
      0.00000026      0.99992181     -0.00009124      0.00001590
      0.00000511      0.00003247      0.99988130      0.00000041
      0.00000041     -0.00001910     -0.00005696      0.99989037


Gx
PauliMx
      1.00000000               0               0               0
      0.00000025      0.99994851      0.00006228      0.00001161
      0.00000400      0.00000653      0.00005622     -0.99991026
     -0.00000189      0.00004339      0.99991051      0.00005453


Gy
PauliMx
      1.00000000               0               0               0
     -0.00000246      0.00002006      0.00003570      0.99986587
     -0.00000059     -0.00002155      0.99996587      0.00001678
      0.00000112     -0.99986698      0.00003590     -0.00002964


IDENTITYVEC 1.4142136 0 0 0
SPAMLABEL minus = rho0 remainder
SPAMLABEL plus = rho0 E0
BASIS gm 2
# BOOTSTRAP TAG: Seed =  76  Chi2 =  4674.45522759
