
rho0
PauliVec
0.70710678 -0.0016957134 -0.0092539255 0.69622402

E0
PauliVec
0.70239841 0.0025935168 -0.0043310797 -0.70786444

Gi
PauliMx
      1.00000000               0               0               0
      0.00000713      0.99993786     -0.00007483      0.00002020
      0.00001021      0.00002013      0.99990122      0.00003396
     -0.00000049     -0.00004414     -0.00006556      0.99989709


Gx
PauliMx
      1.00000000               0               0               0
      0.00000196      0.99994315      0.00006821     -0.00001176
      0.00000774      0.00002767      0.00006297     -0.99990079
      0.00000132      0.00004749      0.99990475      0.00007013


Gy
PauliMx
      1.00000000               0               0               0
      0.00000011      0.00002865      0.00002248      0.99986929
     -0.00000815     -0.00001659      0.99996357      0.00000064
      0.00000094     -0.99986989      0.00003316     -0.00004779


IDENTITYVEC 1.4142136 0 0 0
SPAMLABEL minus = rho0 remainder
SPAMLABEL plus = rho0 E0
BASIS gm 2
# BOOTSTRAP TAG: Seed =  68  Chi2 =  4701.51812735
