
rho0
PauliVec
0.70710678 0.0015462372 -0.0097383842 0.70229815

E0
PauliVec
0.70239757 0.00018784456 0.0091477966 -0.70126954

Gi
PauliMx
      1.00000000               0               0               0
     -0.00000217      0.99994842     -0.00004370     -0.00000684
      0.00000763      0.00004309      0.99990608      0.00002930
     -0.00000244     -0.00004667     -0.00003625      0.99989638


Gx
PauliMx
      1.00000000               0               0               0
      0.00000204      0.99994460      0.00005040      0.00001031
      0.00000935      0.00001172      0.00006863     -0.99990414
      0.00000259      0.00002762      0.99990116      0.00005210


Gy
PauliMx
      1.00000000               0               0               0
      0.00000239     -0.00000065      0.00003923      0.99987494
     -0.00000051     -0.00000344      0.99996232      0.00001261
     -0.00000347     -0.99987542      0.00001990     -0.00004073


IDENTITYVEC 1.4142136 0 0 0
SPAMLABEL minus = rho0 remainder
SPAMLABEL plus = rho0 E0
BASIS gm 2
# BOOTSTRAP TAG: Seed =  23  Chi2 =  4611.48219612
