
rho0
PauliVec
0.70710678 0.00053231209 -0.010549251 0.69761089

E0
PauliVec
0.70217386 -0.002787651 -0.0036521993 -0.70528081

Gi
PauliMx
      1.00000000               0               0               0
     -0.00000176      0.99992570     -0.00005728      0.00001217
      0.00001058      0.00004178      0.99988640      0.00003084
     -0.00000245     -0.00003389     -0.00005942      0.99990780


Gx
PauliMx
      1.00000000               0               0               0
      0.00000235      0.99994687      0.00007469     -0.00001120
      0.00000686      0.00003051      0.00003893     -0.99991149
     -0.00000097      0.00005730      0.99991330      0.00007967


Gy
PauliMx
      1.00000000               0               0               0
     -0.00000197      0.00002278      0.00000882      0.99986546
     -0.00000095     -0.00003791      0.99997400     -0.00001180
      0.00000174     -0.99986725      0.00005245     -0.00006305


IDENTITYVEC 1.4142136 0 0 0
SPAMLABEL minus = rho0 remainder
SPAMLABEL plus = rho0 E0
BASIS gm 2
# BOOTSTRAP TAG: Seed =  82  Chi2 =  4690.34321002
